É_ÉEÉìÉçÅ[ÉhÇµÇΩéûçèÅF2020/09/15 12:29:08

,,,èHìc,èHìc,èHìc
,,,òeê_,òeê_,òeê_
îN,åé,ì˙,ç~êÖó ÇÃçáåv(mm),ç~êÖó ÇÃçáåv(mm),ç~êÖó ÇÃçáåv(mm)
,,,,ïiéøèÓïÒ,ãœéøî‘çÜ
1999,1,1,,0,1
1999,1,2,,0,1
1999,1,3,,0,1
1999,1,4,,0,1
1999,1,5,,0,1
1999,1,6,,0,1
1999,1,7,,0,1
1999,1,8,,0,1
1999,1,9,,0,1
1999,1,10,,0,1
1999,1,11,,0,1
1999,1,12,,0,1
1999,1,13,,0,1
1999,1,14,,0,1
1999,1,15,,0,1
1999,1,16,,0,1
1999,1,17,,0,1
1999,1,18,,0,1
1999,1,19,,0,1
1999,1,20,,0,1
1999,1,21,,0,1
1999,1,22,,0,1
1999,1,23,,0,1
1999,1,24,,0,1
1999,1,25,,0,1
1999,1,26,,0,1
1999,1,27,,0,1
1999,1,28,,0,1
1999,1,29,,0,1
1999,1,30,,0,1
1999,1,31,,0,1
1999,2,1,,0,1
1999,2,2,,0,1
1999,2,3,,0,1
1999,2,4,,0,1
1999,2,5,,0,1
1999,2,6,,0,1
1999,2,7,,0,1
1999,2,8,,0,1
1999,2,9,,0,1
1999,2,10,,0,1
1999,2,11,,0,1
1999,2,12,,0,1
1999,2,13,,0,1
1999,2,14,,0,1
1999,2,15,,0,1
1999,2,16,,0,1
1999,2,17,,0,1
1999,2,18,,0,1
1999,2,19,,0,1
1999,2,20,,0,1
1999,2,21,,0,1
1999,2,22,,0,1
1999,2,23,,0,1
1999,2,24,,0,1
1999,2,25,,0,1
1999,2,26,,0,1
1999,2,27,,0,1
1999,2,28,,0,1
1999,3,1,,0,1
1999,3,2,,0,1
1999,3,3,,0,1
1999,3,4,,0,1
1999,3,5,,0,1
1999,3,6,,0,1
1999,3,7,,0,1
1999,3,8,,0,1
1999,3,9,,0,1
1999,3,10,,0,1
1999,3,11,,0,1
1999,3,12,,0,1
1999,3,13,,0,1
1999,3,14,,0,1
1999,3,15,,0,1
1999,3,16,,0,1
1999,3,17,,0,1
1999,3,18,,0,1
1999,3,19,,0,1
1999,3,20,,0,1
1999,3,21,,0,1
1999,3,22,,0,1
1999,3,23,,0,1
1999,3,24,,0,1
1999,3,25,,0,1
1999,3,26,,0,1
1999,3,27,,0,1
1999,3,28,,0,1
1999,3,29,,0,1
1999,3,30,,0,1
1999,3,31,,0,1
1999,4,1,,0,1
1999,4,2,,0,1
1999,4,3,,0,1
1999,4,4,,0,1
1999,4,5,,0,1
1999,4,6,,0,1
1999,4,7,,0,1
1999,4,8,,0,1
1999,4,9,,0,1
1999,4,10,,0,1
1999,4,11,,0,1
1999,4,12,,0,1
1999,4,13,,0,1
1999,4,14,,0,1
1999,4,15,,0,1
1999,4,16,,0,1
1999,4,17,,0,1
1999,4,18,,0,1
1999,4,19,,0,1
1999,4,20,,0,1
1999,4,21,,0,1
1999,4,22,,0,1
1999,4,23,,0,1
1999,4,24,,0,1
1999,4,25,,0,1
1999,4,26,,0,1
1999,4,27,,0,1
1999,4,28,,0,1
1999,4,29,,0,1
1999,4,30,,0,1
1999,5,1,,0,1
1999,5,2,,0,1
1999,5,3,,0,1
1999,5,4,,0,1
1999,5,5,,0,1
1999,5,6,,0,1
1999,5,7,,0,1
1999,5,8,,0,1
1999,5,9,,0,1
1999,5,10,,0,1
1999,5,11,,0,1
1999,5,12,,0,1
1999,5,13,,0,1
1999,5,14,,0,1
1999,5,15,,0,1
1999,5,16,,0,1
1999,5,17,,0,1
1999,5,18,,0,1
1999,5,19,,0,1
1999,5,20,,0,1
1999,5,21,,0,1
1999,5,22,,0,1
1999,5,23,,0,1
1999,5,24,,0,1
1999,5,25,,0,1
1999,5,26,,0,1
1999,5,27,,0,1
1999,5,28,,0,1
1999,5,29,,0,1
1999,5,30,,0,1
1999,5,31,,0,1
1999,6,1,,0,1
1999,6,2,,0,1
1999,6,3,,0,1
1999,6,4,,0,1
1999,6,5,,0,1
1999,6,6,,0,1
1999,6,7,,0,1
1999,6,8,,0,1
1999,6,9,,0,1
1999,6,10,,0,1
1999,6,11,,0,1
1999,6,12,,0,1
1999,6,13,,0,1
1999,6,14,,0,1
1999,6,15,,0,1
1999,6,16,,0,1
1999,6,17,,0,1
1999,6,18,,0,1
1999,6,19,,0,1
1999,6,20,,0,1
1999,6,21,,0,1
1999,6,22,,0,1
1999,6,23,,0,1
1999,6,24,,0,1
1999,6,25,,0,1
1999,6,26,,0,1
1999,6,27,,0,1
1999,6,28,,0,1
1999,6,29,,0,1
1999,6,30,,0,1
1999,7,1,,0,1
1999,7,2,,0,1
1999,7,3,,0,1
1999,7,4,,0,1
1999,7,5,,0,1
1999,7,6,,0,1
1999,7,7,,0,1
1999,7,8,,0,1
1999,7,9,,0,1
1999,7,10,,0,1
1999,7,11,,0,1
1999,7,12,,0,1
1999,7,13,,0,1
1999,7,14,,0,1
1999,7,15,,0,1
1999,7,16,,0,1
1999,7,17,,0,1
1999,7,18,,0,1
1999,7,19,,0,1
1999,7,20,,0,1
1999,7,21,,0,1
1999,7,22,,0,1
1999,7,23,,0,1
1999,7,24,,0,1
1999,7,25,,0,1
1999,7,26,,0,1
1999,7,27,,0,1
1999,7,28,,0,1
1999,7,29,,0,1
1999,7,30,,0,1
1999,7,31,,0,1
1999,8,1,,0,1
1999,8,2,,0,1
1999,8,3,,0,1
1999,8,4,,0,1
1999,8,5,,0,1
1999,8,6,,0,1
1999,8,7,,0,1
1999,8,8,,0,1
1999,8,9,,0,1
1999,8,10,,0,1
1999,8,11,,0,1
1999,8,12,,0,1
1999,8,13,,0,1
1999,8,14,,0,1
1999,8,15,,0,1
1999,8,16,,0,1
1999,8,17,,0,1
1999,8,18,,0,1
1999,8,19,,0,1
1999,8,20,,0,1
1999,8,21,,0,1
1999,8,22,,0,1
1999,8,23,,0,1
1999,8,24,,0,1
1999,8,25,,0,1
1999,8,26,,0,1
1999,8,27,,0,1
1999,8,28,,0,1
1999,8,29,,0,1
1999,8,30,,0,1
1999,8,31,,0,1
1999,9,1,,0,1
1999,9,2,,0,1
1999,9,3,,0,1
1999,9,4,,0,1
1999,9,5,,0,1
1999,9,6,,0,1
1999,9,7,,0,1
1999,9,8,,0,1
1999,9,9,,0,1
1999,9,10,,0,1
1999,9,11,,0,1
1999,9,12,,0,1
1999,9,13,,0,1
1999,9,14,,0,1
1999,9,15,,0,1
1999,9,16,,0,1
1999,9,17,,0,1
1999,9,18,,0,1
1999,9,19,,0,1
1999,9,20,,0,1
1999,9,21,,0,1
1999,9,22,,0,1
1999,9,23,,0,1
1999,9,24,,0,1
1999,9,25,,0,1
1999,9,26,,0,1
1999,9,27,,0,1
1999,9,28,,0,1
1999,9,29,,0,1
1999,9,30,,0,1
1999,10,1,,0,1
1999,10,2,,0,1
1999,10,3,,0,1
1999,10,4,,0,1
1999,10,5,,0,1
1999,10,6,,0,1
1999,10,7,,0,1
1999,10,8,,0,1
1999,10,9,,0,1
1999,10,10,,0,1
1999,10,11,,0,1
1999,10,12,,0,1
1999,10,13,,0,1
1999,10,14,,0,1
1999,10,15,,0,1
1999,10,16,,0,1
1999,10,17,,0,1
1999,10,18,,0,1
1999,10,19,,0,1
1999,10,20,,0,1
1999,10,21,,0,1
1999,10,22,,0,1
1999,10,23,,0,1
1999,10,24,,0,1
1999,10,25,,0,1
1999,10,26,,0,1
1999,10,27,,0,1
1999,10,28,,0,1
1999,10,29,,0,1
1999,10,30,,0,1
1999,10,31,,0,1
1999,11,1,,0,1
1999,11,2,,0,1
1999,11,3,,0,1
1999,11,4,,0,1
1999,11,5,,0,1
1999,11,6,,0,1
1999,11,7,,0,1
1999,11,8,,0,1
1999,11,9,,0,1
1999,11,10,,0,1
1999,11,11,,0,1
1999,11,12,,0,1
1999,11,13,,0,1
1999,11,14,,0,1
1999,11,15,,0,1
1999,11,16,,0,1
1999,11,17,,0,1
1999,11,18,,0,1
1999,11,19,,0,1
1999,11,20,,0,1
1999,11,21,,0,1
1999,11,22,,0,1
1999,11,23,,0,1
1999,11,24,,0,1
1999,11,25,,0,1
1999,11,26,,0,1
1999,11,27,,0,1
1999,11,28,,0,1
1999,11,29,,0,1
1999,11,30,,0,1
1999,12,1,,0,1
1999,12,2,,0,1
1999,12,3,,0,1
1999,12,4,,0,1
1999,12,5,,0,1
1999,12,6,,0,1
1999,12,7,,0,1
1999,12,8,,0,1
1999,12,9,,0,1
1999,12,10,,0,1
1999,12,11,,0,1
1999,12,12,,0,1
1999,12,13,,0,1
1999,12,14,,0,1
1999,12,15,,0,1
1999,12,16,,0,1
1999,12,17,,0,1
1999,12,18,,0,1
1999,12,19,,0,1
1999,12,20,,0,1
1999,12,21,,0,1
1999,12,22,,0,1
1999,12,23,,0,1
1999,12,24,,0,1
1999,12,25,,0,1
1999,12,26,,0,1
1999,12,27,,0,1
1999,12,28,,0,1
1999,12,29,,0,1
1999,12,30,,0,1
1999,12,31,,0,1
2000,1,1,,0,1
2000,1,2,,0,1
2000,1,3,,0,1
2000,1,4,,0,1
2000,1,5,,0,1
2000,1,6,,0,1
2000,1,7,,0,1
2000,1,8,,0,1
2000,1,9,,0,1
2000,1,10,,0,1
2000,1,11,,0,1
2000,1,12,,0,1
2000,1,13,,0,1
2000,1,14,,0,1
2000,1,15,,0,1
2000,1,16,,0,1
2000,1,17,,0,1
2000,1,18,,0,1
2000,1,19,,0,1
2000,1,20,,0,1
2000,1,21,,0,1
2000,1,22,,0,1
2000,1,23,,0,1
2000,1,24,,0,1
2000,1,25,,0,1
2000,1,26,,0,1
2000,1,27,,0,1
2000,1,28,,0,1
2000,1,29,,0,1
2000,1,30,,0,1
2000,1,31,,0,1
2000,2,1,,0,1
2000,2,2,,0,1
2000,2,3,,0,1
2000,2,4,,0,1
2000,2,5,,0,1
2000,2,6,,0,1
2000,2,7,,0,1
2000,2,8,,0,1
2000,2,9,,0,1
2000,2,10,,0,1
2000,2,11,,0,1
2000,2,12,,0,1
2000,2,13,,0,1
2000,2,14,,0,1
2000,2,15,,0,1
2000,2,16,,0,1
2000,2,17,,0,1
2000,2,18,,0,1
2000,2,19,,0,1
2000,2,20,,0,1
2000,2,21,,0,1
2000,2,22,,0,1
2000,2,23,,0,1
2000,2,24,,0,1
2000,2,25,,0,1
2000,2,26,,0,1
2000,2,27,,0,1
2000,2,28,,0,1
2000,2,29,,0,1
2000,3,1,,0,1
2000,3,2,,0,1
2000,3,3,,0,1
2000,3,4,,0,1
2000,3,5,,0,1
2000,3,6,,0,1
2000,3,7,,0,1
2000,3,8,,0,1
2000,3,9,,0,1
2000,3,10,,0,1
2000,3,11,,0,1
2000,3,12,,0,1
2000,3,13,,0,1
2000,3,14,,0,1
2000,3,15,,0,1
2000,3,16,,0,1
2000,3,17,,0,1
2000,3,18,,0,1
2000,3,19,,0,1
2000,3,20,,0,1
2000,3,21,,0,1
2000,3,22,,0,1
2000,3,23,,0,1
2000,3,24,,0,1
2000,3,25,,0,1
2000,3,26,,0,1
2000,3,27,,0,1
2000,3,28,,0,1
2000,3,29,,0,1
2000,3,30,,0,1
2000,3,31,,0,1
2000,4,1,,0,1
2000,4,2,,0,1
2000,4,3,,0,1
2000,4,4,,0,1
2000,4,5,,0,1
2000,4,6,,0,1
2000,4,7,,0,1
2000,4,8,,0,1
2000,4,9,,0,1
2000,4,10,,0,1
2000,4,11,,0,1
2000,4,12,,0,1
2000,4,13,,0,1
2000,4,14,,0,1
2000,4,15,,0,1
2000,4,16,,0,1
2000,4,17,,0,1
2000,4,18,,0,1
2000,4,19,,0,1
2000,4,20,,0,1
2000,4,21,,0,1
2000,4,22,,0,1
2000,4,23,,0,1
2000,4,24,,0,1
2000,4,25,,0,1
2000,4,26,,0,1
2000,4,27,,0,1
2000,4,28,,0,1
2000,4,29,,0,1
2000,4,30,,0,1
2000,5,1,,0,1
2000,5,2,,0,1
2000,5,3,,0,1
2000,5,4,,0,1
2000,5,5,,0,1
2000,5,6,,0,1
2000,5,7,,0,1
2000,5,8,,0,1
2000,5,9,,0,1
2000,5,10,,0,1
2000,5,11,,0,1
2000,5,12,,0,1
2000,5,13,,0,1
2000,5,14,,0,1
2000,5,15,,0,1
2000,5,16,,0,1
2000,5,17,,0,1
2000,5,18,,0,1
2000,5,19,,0,1
2000,5,20,,0,1
2000,5,21,,0,1
2000,5,22,,0,1
2000,5,23,,0,1
2000,5,24,,0,1
2000,5,25,,0,1
2000,5,26,,0,1
2000,5,27,,0,1
2000,5,28,,0,1
2000,5,29,,0,1
2000,5,30,,0,1
2000,5,31,,0,1
2000,6,1,,0,1
2000,6,2,,0,1
2000,6,3,,0,1
2000,6,4,,0,1
2000,6,5,,0,1
2000,6,6,,0,1
2000,6,7,,0,1
2000,6,8,,0,1
2000,6,9,,0,1
2000,6,10,,0,1
2000,6,11,,0,1
2000,6,12,,0,1
2000,6,13,,0,1
2000,6,14,,0,1
2000,6,15,,0,1
2000,6,16,,0,1
2000,6,17,,0,1
2000,6,18,,0,1
2000,6,19,,0,1
2000,6,20,,0,1
2000,6,21,,0,1
2000,6,22,,0,1
2000,6,23,,0,1
2000,6,24,,0,1
2000,6,25,,0,1
2000,6,26,,0,1
2000,6,27,,0,1
2000,6,28,,0,1
2000,6,29,,0,1
2000,6,30,,0,1
2000,7,1,,0,1
2000,7,2,,0,1
2000,7,3,,0,1
2000,7,4,,0,1
2000,7,5,,0,1
2000,7,6,,0,1
2000,7,7,,0,1
2000,7,8,,0,1
2000,7,9,,0,1
2000,7,10,,0,1
2000,7,11,,0,1
2000,7,12,,0,1
2000,7,13,,0,1
2000,7,14,,0,1
2000,7,15,,0,1
2000,7,16,,0,1
2000,7,17,,0,1
2000,7,18,,0,1
2000,7,19,,0,1
2000,7,20,,0,1
2000,7,21,,0,1
2000,7,22,,0,1
2000,7,23,,0,1
2000,7,24,,0,1
2000,7,25,,0,1
2000,7,26,,0,1
2000,7,27,,0,1
2000,7,28,,0,1
2000,7,29,,0,1
2000,7,30,,0,1
2000,7,31,,0,1
2000,8,1,,0,1
2000,8,2,,0,1
2000,8,3,,0,1
2000,8,4,,0,1
2000,8,5,,0,1
2000,8,6,,0,1
2000,8,7,,0,1
2000,8,8,,0,1
2000,8,9,,0,1
2000,8,10,,0,1
2000,8,11,,0,1
2000,8,12,,0,1
2000,8,13,,0,1
2000,8,14,,0,1
2000,8,15,,0,1
2000,8,16,,0,1
2000,8,17,,0,1
2000,8,18,,0,1
2000,8,19,,0,1
2000,8,20,,0,1
2000,8,21,,0,1
2000,8,22,,0,1
2000,8,23,,0,1
2000,8,24,,0,1
2000,8,25,,0,1
2000,8,26,,0,1
2000,8,27,,0,1
2000,8,28,,0,1
2000,8,29,,0,1
2000,8,30,,0,1
2000,8,31,,0,1
2000,9,1,,0,1
2000,9,2,,0,1
2000,9,3,,0,1
2000,9,4,,0,1
2000,9,5,,0,1
2000,9,6,,0,1
2000,9,7,,0,1
2000,9,8,,0,1
2000,9,9,,0,1
2000,9,10,,0,1
2000,9,11,,0,1
2000,9,12,,0,1
2000,9,13,,0,1
2000,9,14,,0,1
2000,9,15,,0,1
2000,9,16,,0,1
2000,9,17,,0,1
2000,9,18,,0,1
2000,9,19,,0,1
2000,9,20,,0,1
2000,9,21,,0,1
2000,9,22,,0,1
2000,9,23,,0,1
2000,9,24,,0,1
2000,9,25,,0,1
2000,9,26,,0,1
2000,9,27,,0,1
2000,9,28,,0,1
2000,9,29,,0,1
2000,9,30,,0,1
2000,10,1,,0,1
2000,10,2,,0,1
2000,10,3,,0,1
2000,10,4,,0,1
2000,10,5,,0,1
2000,10,6,,0,1
2000,10,7,,0,1
2000,10,8,,0,1
2000,10,9,,0,1
2000,10,10,,0,1
2000,10,11,,0,1
2000,10,12,,0,1
2000,10,13,,0,1
2000,10,14,,0,1
2000,10,15,,0,1
2000,10,16,,0,1
2000,10,17,,0,1
2000,10,18,,0,1
2000,10,19,,0,1
2000,10,20,,0,1
2000,10,21,,0,1
2000,10,22,,0,1
2000,10,23,,0,1
2000,10,24,,0,1
2000,10,25,,0,1
2000,10,26,,0,1
2000,10,27,,0,1
2000,10,28,,0,1
2000,10,29,,0,1
2000,10,30,,0,1
2000,10,31,,0,1
2000,11,1,,0,1
2000,11,2,,0,1
2000,11,3,,0,1
2000,11,4,,0,1
2000,11,5,,0,1
2000,11,6,,0,1
2000,11,7,,0,1
2000,11,8,,0,1
2000,11,9,,0,1
2000,11,10,,0,1
2000,11,11,,0,1
2000,11,12,,0,1
2000,11,13,,0,1
2000,11,14,,0,1
2000,11,15,,0,1
2000,11,16,,0,1
2000,11,17,,0,1
2000,11,18,,0,1
2000,11,19,,0,1
2000,11,20,,0,1
2000,11,21,,0,1
2000,11,22,,0,1
2000,11,23,,0,1
2000,11,24,,0,1
2000,11,25,,0,1
2000,11,26,,0,1
2000,11,27,,0,1
2000,11,28,,0,1
2000,11,29,,0,1
2000,11,30,,0,1
2000,12,1,,0,1
2000,12,2,,0,1
2000,12,3,,0,1
2000,12,4,,0,1
2000,12,5,,0,1
2000,12,6,,0,1
2000,12,7,,0,1
2000,12,8,,0,1
2000,12,9,,0,1
2000,12,10,,0,1
2000,12,11,,0,1
2000,12,12,,0,1
2000,12,13,,0,1
2000,12,14,,0,1
2000,12,15,,0,1
2000,12,16,,0,1
2000,12,17,,0,1
2000,12,18,,0,1
2000,12,19,,0,1
2000,12,20,,0,1
2000,12,21,,0,1
2000,12,22,,0,1
2000,12,23,,0,1
2000,12,24,,0,1
2000,12,25,,0,1
2000,12,26,,0,1
2000,12,27,,0,1
2000,12,28,,0,1
2000,12,29,,0,1
2000,12,30,,0,1
2000,12,31,,0,1
2001,1,1,,0,1
2001,1,2,,0,1
2001,1,3,,0,1
2001,1,4,,0,1
2001,1,5,,0,1
2001,1,6,,0,1
2001,1,7,,0,1
2001,1,8,,0,1
2001,1,9,,0,1
2001,1,10,,0,1
2001,1,11,,0,1
2001,1,12,,0,1
2001,1,13,,0,1
2001,1,14,,0,1
2001,1,15,,0,1
2001,1,16,,0,1
2001,1,17,,0,1
2001,1,18,,0,1
2001,1,19,,0,1
2001,1,20,,0,1
2001,1,21,,0,1
2001,1,22,,0,1
2001,1,23,,0,1
2001,1,24,,0,1
2001,1,25,,0,1
2001,1,26,,0,1
2001,1,27,,0,1
2001,1,28,,0,1
2001,1,29,,0,1
2001,1,30,,0,1
2001,1,31,,0,1
2001,2,1,,0,1
2001,2,2,,0,1
2001,2,3,,0,1
2001,2,4,,0,1
2001,2,5,,0,1
2001,2,6,,0,1
2001,2,7,,0,1
2001,2,8,,0,1
2001,2,9,,0,1
2001,2,10,,0,1
2001,2,11,,0,1
2001,2,12,,0,1
2001,2,13,,0,1
2001,2,14,,0,1
2001,2,15,,0,1
2001,2,16,,0,1
2001,2,17,,0,1
2001,2,18,,0,1
2001,2,19,,0,1
2001,2,20,,0,1
2001,2,21,,0,1
2001,2,22,,0,1
2001,2,23,,0,1
2001,2,24,,0,1
2001,2,25,,0,1
2001,2,26,,0,1
2001,2,27,,0,1
2001,2,28,,0,1
2001,3,1,,0,1
2001,3,2,,0,1
2001,3,3,,0,1
2001,3,4,,0,1
2001,3,5,,0,1
2001,3,6,,0,1
2001,3,7,,0,1
2001,3,8,,0,1
2001,3,9,,0,1
2001,3,10,,0,1
2001,3,11,,0,1
2001,3,12,,0,1
2001,3,13,,0,1
2001,3,14,,0,1
2001,3,15,,0,1
2001,3,16,,0,1
2001,3,17,,0,1
2001,3,18,,0,1
2001,3,19,,0,1
2001,3,20,,0,1
2001,3,21,,0,1
2001,3,22,,0,1
2001,3,23,,0,1
2001,3,24,,0,1
2001,3,25,,0,1
2001,3,26,,0,1
2001,3,27,,0,1
2001,3,28,,0,1
2001,3,29,,0,1
2001,3,30,,0,1
2001,3,31,,0,1
2001,4,1,,0,1
2001,4,2,,0,1
2001,4,3,,0,1
2001,4,4,,0,1
2001,4,5,,0,1
2001,4,6,,0,1
2001,4,7,,0,1
2001,4,8,,0,1
2001,4,9,,0,1
2001,4,10,,0,1
2001,4,11,,0,1
2001,4,12,,0,1
2001,4,13,,0,1
2001,4,14,,0,1
2001,4,15,,0,1
2001,4,16,,0,1
2001,4,17,,0,1
2001,4,18,,0,1
2001,4,19,,0,1
2001,4,20,,0,1
2001,4,21,,0,1
2001,4,22,,0,1
2001,4,23,,0,1
2001,4,24,,0,1
2001,4,25,,0,1
2001,4,26,,0,1
2001,4,27,,0,1
2001,4,28,,0,1
2001,4,29,,0,1
2001,4,30,,0,1
2001,5,1,,0,1
2001,5,2,,0,1
2001,5,3,,0,1
2001,5,4,,0,1
2001,5,5,,0,1
2001,5,6,,0,1
2001,5,7,,0,1
2001,5,8,,0,1
2001,5,9,,0,1
2001,5,10,,0,1
2001,5,11,,0,1
2001,5,12,,0,1
2001,5,13,,0,1
2001,5,14,,0,1
2001,5,15,,0,1
2001,5,16,,0,1
2001,5,17,,0,1
2001,5,18,,0,1
2001,5,19,,0,1
2001,5,20,,0,1
2001,5,21,,0,1
2001,5,22,,0,1
2001,5,23,,0,1
2001,5,24,,0,1
2001,5,25,,0,1
2001,5,26,,0,1
2001,5,27,,0,1
2001,5,28,,0,1
2001,5,29,,0,1
2001,5,30,,0,1
2001,5,31,,0,1
2001,6,1,,0,1
2001,6,2,,0,1
2001,6,3,,0,1
2001,6,4,,0,1
2001,6,5,,0,1
2001,6,6,,0,1
2001,6,7,,0,1
2001,6,8,,0,1
2001,6,9,,0,1
2001,6,10,,0,1
2001,6,11,,0,1
2001,6,12,,0,1
2001,6,13,,0,1
2001,6,14,,0,1
2001,6,15,,0,1
2001,6,16,,0,1
2001,6,17,,0,1
2001,6,18,,0,1
2001,6,19,,0,1
2001,6,20,,0,1
2001,6,21,,0,1
2001,6,22,,0,1
2001,6,23,,0,1
2001,6,24,,0,1
2001,6,25,,0,1
2001,6,26,,0,1
2001,6,27,,0,1
2001,6,28,,0,1
2001,6,29,,0,1
2001,6,30,,0,1
2001,7,1,,0,1
2001,7,2,,0,1
2001,7,3,,0,1
2001,7,4,,0,1
2001,7,5,,0,1
2001,7,6,,0,1
2001,7,7,,0,1
2001,7,8,,0,1
2001,7,9,,0,1
2001,7,10,,0,1
2001,7,11,,0,1
2001,7,12,,0,1
2001,7,13,,0,1
2001,7,14,,0,1
2001,7,15,,0,1
2001,7,16,,0,1
2001,7,17,,0,1
2001,7,18,,0,1
2001,7,19,,0,1
2001,7,20,,0,1
2001,7,21,,0,1
2001,7,22,,0,1
2001,7,23,,0,1
2001,7,24,,0,1
2001,7,25,,0,1
2001,7,26,,0,1
2001,7,27,,0,1
2001,7,28,,0,1
2001,7,29,,0,1
2001,7,30,,0,1
2001,7,31,,0,1
2001,8,1,,0,1
2001,8,2,,0,1
2001,8,3,,0,1
2001,8,4,,0,1
2001,8,5,,0,1
2001,8,6,,0,1
2001,8,7,,0,1
2001,8,8,,0,1
2001,8,9,,0,1
2001,8,10,,0,1
2001,8,11,,0,1
2001,8,12,,0,1
2001,8,13,,0,1
2001,8,14,,0,1
2001,8,15,,0,1
2001,8,16,,0,1
2001,8,17,,0,1
2001,8,18,,0,1
2001,8,19,,0,1
2001,8,20,,0,1
2001,8,21,,0,1
2001,8,22,,0,1
2001,8,23,,0,1
2001,8,24,,0,1
2001,8,25,,0,1
2001,8,26,,0,1
2001,8,27,,0,1
2001,8,28,,0,1
2001,8,29,,0,1
2001,8,30,,0,1
2001,8,31,,0,1
2001,9,1,,0,1
2001,9,2,,0,1
2001,9,3,,0,1
2001,9,4,,0,1
2001,9,5,,0,1
2001,9,6,,0,1
2001,9,7,,0,1
2001,9,8,,0,1
2001,9,9,,0,1
2001,9,10,,0,1
2001,9,11,,0,1
2001,9,12,,0,1
2001,9,13,,0,1
2001,9,14,,0,1
2001,9,15,,0,1
2001,9,16,,0,1
2001,9,17,,0,1
2001,9,18,,0,1
2001,9,19,,0,1
2001,9,20,,0,1
2001,9,21,,0,1
2001,9,22,,0,1
2001,9,23,,0,1
2001,9,24,,0,1
2001,9,25,,0,1
2001,9,26,,0,1
2001,9,27,,0,1
2001,9,28,,0,1
2001,9,29,,0,1
2001,9,30,,0,1
2001,10,1,,0,1
2001,10,2,,0,1
2001,10,3,,0,1
2001,10,4,,0,1
2001,10,5,,0,1
2001,10,6,,0,1
2001,10,7,,0,1
2001,10,8,,0,1
2001,10,9,,0,1
2001,10,10,,0,1
2001,10,11,,0,1
2001,10,12,,0,1
2001,10,13,,0,1
2001,10,14,,0,1
2001,10,15,,0,1
2001,10,16,,0,1
2001,10,17,,0,1
2001,10,18,,0,1
2001,10,19,,0,1
2001,10,20,,0,1
2001,10,21,,0,1
2001,10,22,,0,1
2001,10,23,,0,1
2001,10,24,,0,1
2001,10,25,,0,1
2001,10,26,,0,1
2001,10,27,,0,1
2001,10,28,,0,1
2001,10,29,,0,1
2001,10,30,,0,1
2001,10,31,,0,1
2001,11,1,,0,1
2001,11,2,,0,1
2001,11,3,,0,1
2001,11,4,,0,1
2001,11,5,,0,1
2001,11,6,,0,1
2001,11,7,,0,1
2001,11,8,,0,1
2001,11,9,,0,1
2001,11,10,,0,1
2001,11,11,,0,1
2001,11,12,,0,1
2001,11,13,,0,1
2001,11,14,,0,1
2001,11,15,,0,1
2001,11,16,,0,1
2001,11,17,,0,1
2001,11,18,,0,1
2001,11,19,,0,1
2001,11,20,,0,1
2001,11,21,,0,1
2001,11,22,,0,1
2001,11,23,,0,1
2001,11,24,,0,1
2001,11,25,,0,1
2001,11,26,,0,1
2001,11,27,,0,1
2001,11,28,,0,1
2001,11,29,,0,1
2001,11,30,,0,1
2001,12,1,,0,1
2001,12,2,,0,1
2001,12,3,,0,1
2001,12,4,,0,1
2001,12,5,,0,1
2001,12,6,,0,1
2001,12,7,,0,1
2001,12,8,,0,1
2001,12,9,,0,1
2001,12,10,,0,1
2001,12,11,,0,1
2001,12,12,,0,1
2001,12,13,,0,1
2001,12,14,,0,1
2001,12,15,,0,1
2001,12,16,,0,1
2001,12,17,,0,1
2001,12,18,,0,1
2001,12,19,,0,1
2001,12,20,,0,1
2001,12,21,,0,1
2001,12,22,,0,1
2001,12,23,,0,1
2001,12,24,,0,1
2001,12,25,,0,1
2001,12,26,,0,1
2001,12,27,,0,1
2001,12,28,,0,1
2001,12,29,,0,1
2001,12,30,,0,1
2001,12,31,,0,1
2002,1,1,,0,1
2002,1,2,,0,1
2002,1,3,,0,1
2002,1,4,,0,1
2002,1,5,,0,1
2002,1,6,,0,1
2002,1,7,,0,1
2002,1,8,,0,1
2002,1,9,,0,1
2002,1,10,,0,1
2002,1,11,,0,1
2002,1,12,,0,1
2002,1,13,,0,1
2002,1,14,,0,1
2002,1,15,,0,1
2002,1,16,,0,1
2002,1,17,,0,1
2002,1,18,,0,1
2002,1,19,,0,1
2002,1,20,,0,1
2002,1,21,,0,1
2002,1,22,,0,1
2002,1,23,,0,1
2002,1,24,,0,1
2002,1,25,,0,1
2002,1,26,,0,1
2002,1,27,,0,1
2002,1,28,,0,1
2002,1,29,,0,1
2002,1,30,,0,1
2002,1,31,,0,1
2002,2,1,,0,1
2002,2,2,,0,1
2002,2,3,,0,1
2002,2,4,,0,1
2002,2,5,,0,1
2002,2,6,,0,1
2002,2,7,,0,1
2002,2,8,,0,1
2002,2,9,,0,1
2002,2,10,,0,1
2002,2,11,,0,1
2002,2,12,,0,1
2002,2,13,,0,1
2002,2,14,,0,1
2002,2,15,,0,1
2002,2,16,,0,1
2002,2,17,,0,1
2002,2,18,,0,1
2002,2,19,,0,1
2002,2,20,,0,1
2002,2,21,,0,1
2002,2,22,,0,1
2002,2,23,,0,1
2002,2,24,,0,1
2002,2,25,,0,1
2002,2,26,,0,1
2002,2,27,,0,1
2002,2,28,,0,1
2002,3,1,,0,1
2002,3,2,,0,1
2002,3,3,,0,1
2002,3,4,,0,1
2002,3,5,,0,1
2002,3,6,,0,1
2002,3,7,,0,1
2002,3,8,,0,1
2002,3,9,,0,1
2002,3,10,,0,1
2002,3,11,,0,1
2002,3,12,,0,1
2002,3,13,,0,1
2002,3,14,,0,1
2002,3,15,,0,1
2002,3,16,,0,1
2002,3,17,,0,1
2002,3,18,,0,1
2002,3,19,,0,1
2002,3,20,,0,1
2002,3,21,,0,1
2002,3,22,,0,1
2002,3,23,,0,1
2002,3,24,,0,1
2002,3,25,,0,1
2002,3,26,,0,1
2002,3,27,,0,1
2002,3,28,,0,1
2002,3,29,,0,1
2002,3,30,,0,1
2002,3,31,,0,1
2002,4,1,,0,1
2002,4,2,,0,1
2002,4,3,,0,1
2002,4,4,,0,1
2002,4,5,,0,1
2002,4,6,,0,1
2002,4,7,,0,1
2002,4,8,,0,1
2002,4,9,,0,1
2002,4,10,,0,1
2002,4,11,,0,1
2002,4,12,,0,1
2002,4,13,,0,1
2002,4,14,,0,1
2002,4,15,,0,1
2002,4,16,,0,1
2002,4,17,,0,1
2002,4,18,,0,1
2002,4,19,,0,1
2002,4,20,,0,1
2002,4,21,,0,1
2002,4,22,,0,1
2002,4,23,,0,1
2002,4,24,,0,1
2002,4,25,,0,1
2002,4,26,,0,1
2002,4,27,,0,1
2002,4,28,,0,1
2002,4,29,,0,1
2002,4,30,,0,1
2002,5,1,,0,1
2002,5,2,,0,1
2002,5,3,,0,1
2002,5,4,,0,1
2002,5,5,,0,1
2002,5,6,,0,1
2002,5,7,,0,1
2002,5,8,,0,1
2002,5,9,,0,1
2002,5,10,,0,1
2002,5,11,,0,1
2002,5,12,,0,1
2002,5,13,,0,1
2002,5,14,,0,1
2002,5,15,,0,1
2002,5,16,,0,1
2002,5,17,,0,1
2002,5,18,,0,1
2002,5,19,,0,1
2002,5,20,,0,1
2002,5,21,,0,1
2002,5,22,,0,1
2002,5,23,,0,1
2002,5,24,,0,1
2002,5,25,,0,1
2002,5,26,,0,1
2002,5,27,,0,1
2002,5,28,,0,1
2002,5,29,,0,1
2002,5,30,,0,1
2002,5,31,,0,1
2002,6,1,,0,1
2002,6,2,,0,1
2002,6,3,,0,1
2002,6,4,,0,1
2002,6,5,,0,1
2002,6,6,,0,1
2002,6,7,,0,1
2002,6,8,,0,1
2002,6,9,,0,1
2002,6,10,,0,1
2002,6,11,,0,1
2002,6,12,,0,1
2002,6,13,,0,1
2002,6,14,,0,1
2002,6,15,,0,1
2002,6,16,,0,1
2002,6,17,,0,1
2002,6,18,,0,1
2002,6,19,,0,1
2002,6,20,,0,1
2002,6,21,,0,1
2002,6,22,,0,1
2002,6,23,,0,1
2002,6,24,,0,1
2002,6,25,,0,1
2002,6,26,,0,1
2002,6,27,,0,1
2002,6,28,,0,1
2002,6,29,,0,1
2002,6,30,,0,1
2002,7,1,,0,1
2002,7,2,,0,1
2002,7,3,,0,1
2002,7,4,,0,1
2002,7,5,,0,1
2002,7,6,,0,1
2002,7,7,,0,1
2002,7,8,,0,1
2002,7,9,,0,1
2002,7,10,,0,1
2002,7,11,,0,1
2002,7,12,,0,1
2002,7,13,,0,1
2002,7,14,,0,1
2002,7,15,,0,1
2002,7,16,,0,1
2002,7,17,,0,1
2002,7,18,,0,1
2002,7,19,,0,1
2002,7,20,,0,1
2002,7,21,,0,1
2002,7,22,,0,1
2002,7,23,,0,1
2002,7,24,,0,1
2002,7,25,,0,1
2002,7,26,,0,1
2002,7,27,,0,1
2002,7,28,,0,1
2002,7,29,,0,1
2002,7,30,,0,1
2002,7,31,,0,1
2002,8,1,,0,1
2002,8,2,,0,1
2002,8,3,,0,1
2002,8,4,,0,1
2002,8,5,,0,1
2002,8,6,,0,1
2002,8,7,,0,1
2002,8,8,,0,1
2002,8,9,,0,1
2002,8,10,,0,1
2002,8,11,,0,1
2002,8,12,,0,1
2002,8,13,,0,1
2002,8,14,,0,1
2002,8,15,,0,1
2002,8,16,,0,1
2002,8,17,,0,1
2002,8,18,,0,1
2002,8,19,,0,1
2002,8,20,,0,1
2002,8,21,,0,1
2002,8,22,,0,1
2002,8,23,,0,1
2002,8,24,,0,1
2002,8,25,,0,1
2002,8,26,,0,1
2002,8,27,,0,1
2002,8,28,,0,1
2002,8,29,,0,1
2002,8,30,,0,1
2002,8,31,,0,1
2002,9,1,,0,1
2002,9,2,,0,1
2002,9,3,,0,1
2002,9,4,,0,1
2002,9,5,,0,1
2002,9,6,,0,1
2002,9,7,,0,1
2002,9,8,,0,1
2002,9,9,,0,1
2002,9,10,,0,1
2002,9,11,,0,1
2002,9,12,,0,1
2002,9,13,,0,1
2002,9,14,,0,1
2002,9,15,,0,1
2002,9,16,,0,1
2002,9,17,,0,1
2002,9,18,,0,1
2002,9,19,,0,1
2002,9,20,,0,1
2002,9,21,,0,1
2002,9,22,,0,1
2002,9,23,,0,1
2002,9,24,,0,1
2002,9,25,,0,1
2002,9,26,,0,1
2002,9,27,,0,1
2002,9,28,,0,1
2002,9,29,,0,1
2002,9,30,,0,1
2002,10,1,,0,1
2002,10,2,,0,1
2002,10,3,,0,1
2002,10,4,,0,1
2002,10,5,,0,1
2002,10,6,,0,1
2002,10,7,,0,1
2002,10,8,,0,1
2002,10,9,,0,1
2002,10,10,,0,1
2002,10,11,,0,1
2002,10,12,,0,1
2002,10,13,,0,1
2002,10,14,,0,1
2002,10,15,,0,1
2002,10,16,,0,1
2002,10,17,,0,1
2002,10,18,,0,1
2002,10,19,,0,1
2002,10,20,,0,1
2002,10,21,,0,1
2002,10,22,,0,1
2002,10,23,,0,1
2002,10,24,,0,1
2002,10,25,,0,1
2002,10,26,,0,1
2002,10,27,,0,1
2002,10,28,,0,1
2002,10,29,,0,1
2002,10,30,,0,1
2002,10,31,,0,1
2002,11,1,,0,1
2002,11,2,,0,1
2002,11,3,,0,1
2002,11,4,,0,1
2002,11,5,,0,1
2002,11,6,,0,1
2002,11,7,,0,1
2002,11,8,,0,1
2002,11,9,,0,1
2002,11,10,,0,1
2002,11,11,,0,1
2002,11,12,,0,1
2002,11,13,,0,1
2002,11,14,,0,1
2002,11,15,,0,1
2002,11,16,,0,1
2002,11,17,,0,1
2002,11,18,,0,1
2002,11,19,,0,1
2002,11,20,,0,1
2002,11,21,,0,1
2002,11,22,,0,1
2002,11,23,,0,1
2002,11,24,,0,1
2002,11,25,,0,1
2002,11,26,,0,1
2002,11,27,,0,1
2002,11,28,,0,1
2002,11,29,,0,1
2002,11,30,,0,1
2002,12,1,,0,1
2002,12,2,,0,1
2002,12,3,,0,1
2002,12,4,,0,1
2002,12,5,,0,1
2002,12,6,,0,1
2002,12,7,,0,1
2002,12,8,,0,1
2002,12,9,,0,1
2002,12,10,,0,1
2002,12,11,,0,1
2002,12,12,,0,1
2002,12,13,,0,1
2002,12,14,,0,1
2002,12,15,,0,1
2002,12,16,,0,1
2002,12,17,,0,1
2002,12,18,,0,1
2002,12,19,,0,1
2002,12,20,,0,1
2002,12,21,,0,1
2002,12,22,,0,1
2002,12,23,,0,1
2002,12,24,,0,1
2002,12,25,,0,1
2002,12,26,,0,1
2002,12,27,,0,1
2002,12,28,,0,1
2002,12,29,,0,1
2002,12,30,,0,1
2002,12,31,,0,1
2003,1,1,0,8,1
2003,1,2,0,8,1
2003,1,3,2,8,1
2003,1,4,6,8,1
2003,1,5,0,8,1
2003,1,6,0,8,1
2003,1,7,1,8,1
2003,1,8,0,8,1
2003,1,9,7,8,1
2003,1,10,3,8,1
2003,1,11,0,8,1
2003,1,12,1,8,1
2003,1,13,9,8,1
2003,1,14,3,8,1
2003,1,15,0,8,1
2003,1,16,10,8,1
2003,1,17,2,5,1
2003,1,18,0,8,1
2003,1,19,1,8,1
2003,1,20,0,8,1
2003,1,21,0,8,1
2003,1,22,0,8,1
2003,1,23,2,8,1
2003,1,24,7,8,1
2003,1,25,0,8,1
2003,1,26,0,8,1
2003,1,27,12,8,1
2003,1,28,13,8,1
2003,1,29,1,8,1
2003,1,30,0,8,1
2003,1,31,0,8,1
2003,2,1,1,8,1
2003,2,2,2,8,1
2003,2,3,0,8,1
2003,2,4,1,8,1
2003,2,5,0,8,1
2003,2,6,0,8,1
2003,2,7,3,8,1
2003,2,8,0,8,1
2003,2,9,0,8,1
2003,2,10,0,8,1
2003,2,11,3,8,1
2003,2,12,0,8,1
2003,2,13,0,8,1
2003,2,14,0,8,1
2003,2,15,0,8,1
2003,2,16,0,8,1
2003,2,17,0,8,1
2003,2,18,0,8,1
2003,2,19,0,8,1
2003,2,20,5,8,1
2003,2,21,1,8,1
2003,2,22,8,8,1
2003,2,23,0,8,1
2003,2,24,0,8,1
2003,2,25,0,8,1
2003,2,26,6,8,1
2003,2,27,1,8,1
2003,2,28,0,8,1
2003,3,1,3,8,1
2003,3,2,3,8,1
2003,3,3,15,8,1
2003,3,4,1,8,1
2003,3,5,1,8,1
2003,3,6,0,8,1
2003,3,7,7,8,1
2003,3,8,1,8,1
2003,3,9,0,8,1
2003,3,10,0,8,1
2003,3,11,0,8,1
2003,3,12,0,8,1
2003,3,13,0,8,1
2003,3,14,0,5,1
2003,3,15,0,8,1
2003,3,16,0,8,1
2003,3,17,0,8,1
2003,3,18,0,8,1
2003,3,19,1,8,1
2003,3,20,0,8,1
2003,3,21,0,8,1
2003,3,22,0,8,1
2003,3,23,0,8,1
2003,3,24,0,8,1
2003,3,25,0,8,1
2003,3,26,0,8,1
2003,3,27,7,8,1
2003,3,28,3,8,1
2003,3,29,2,8,1
2003,3,30,1,8,1
2003,3,31,6,8,1
2003,4,1,0,8,1
2003,4,2,0,8,1
2003,4,3,0,4,1
2003,4,4,,1,1
2003,4,5,,1,1
2003,4,6,,1,1
2003,4,7,0,4,1
2003,4,8,1,8,1
2003,4,9,5,5,1
2003,4,10,0,5,1
2003,4,11,0,8,1
2003,4,12,12,8,1
2003,4,13,2,5,1
2003,4,14,0,8,1
2003,4,15,0,8,1
2003,4,16,0,8,1
2003,4,17,0,8,1
2003,4,18,0,8,1
2003,4,19,9,8,1
2003,4,20,5,8,1
2003,4,21,17,8,1
2003,4,22,0,8,1
2003,4,23,6,5,1
2003,4,24,0,8,1
2003,4,25,2,8,1
2003,4,26,8,8,1
2003,4,27,0,8,1
2003,4,28,0,8,1
2003,4,29,2,8,1
2003,4,30,21,8,1
2003,5,1,0,8,1
2003,5,2,0,8,1
2003,5,3,0,8,1
2003,5,4,0,8,1
2003,5,5,0,8,1
2003,5,6,0,8,1
2003,5,7,10,8,1
2003,5,8,17,8,1
2003,5,9,0,8,1
2003,5,10,0,8,1
2003,5,11,0,8,1
2003,5,12,0,8,1
2003,5,13,0,8,1
2003,5,14,0,8,1
2003,5,15,0,8,1
2003,5,16,12,8,1
2003,5,17,0,8,1
2003,5,18,0,8,1
2003,5,19,0,8,1
2003,5,20,0,8,1
2003,5,21,0,8,1
2003,5,22,0,8,1
2003,5,23,0,8,1
2003,5,24,0,8,1
2003,5,25,0,8,1
2003,5,26,0,5,1
2003,5,27,0,8,1
2003,5,28,0,8,1
2003,5,29,0,8,1
2003,5,30,0,8,1
2003,5,31,7,8,1
2003,6,1,14,8,1
2003,6,2,0,8,1
2003,6,3,0,8,1
2003,6,4,0,8,1
2003,6,5,0,8,1
2003,6,6,0,8,1
2003,6,7,0,8,1
2003,6,8,0,8,1
2003,6,9,0,8,1
2003,6,10,0,8,1
2003,6,11,0,8,1
2003,6,12,0,8,1
2003,6,13,3,8,1
2003,6,14,5,8,1
2003,6,15,1,8,1
2003,6,16,0,8,1
2003,6,17,1,8,1
2003,6,18,0,5,1
2003,6,19,0,8,1
2003,6,20,14,8,1
2003,6,21,2,8,1
2003,6,22,0,8,1
2003,6,23,0,8,1
2003,6,24,0,8,1
2003,6,25,6,8,1
2003,6,26,3,8,1
2003,6,27,18,8,1
2003,6,28,9,8,1
2003,6,29,14,8,1
2003,6,30,1,8,1
2003,7,1,0,8,1
2003,7,2,0,8,1
2003,7,3,0,8,1
2003,7,4,8,8,1
2003,7,5,3,8,1
2003,7,6,0,8,1
2003,7,7,0,8,1
2003,7,8,0,8,1
2003,7,9,1,5,1
2003,7,10,75,8,1
2003,7,11,18,8,1
2003,7,12,0,8,1
2003,7,13,0,8,1
2003,7,14,0,8,1
2003,7,15,0,8,1
2003,7,16,1,8,1
2003,7,17,0,8,1
2003,7,18,0,8,1
2003,7,19,1,8,1
2003,7,20,22,8,1
2003,7,21,0,8,1
2003,7,22,0,8,1
2003,7,23,0,8,1
2003,7,24,1,8,1
2003,7,25,0,8,1
2003,7,26,0,8,1
2003,7,27,0,5,1
2003,7,28,0,8,1
2003,7,29,2,8,1
2003,7,30,40,8,1
2003,7,31,0,8,1
2003,8,1,0,8,1
2003,8,2,1,8,1
2003,8,3,12,8,1
2003,8,4,13,8,1
2003,8,5,0,8,1
2003,8,6,0,8,1
2003,8,7,0,8,1
2003,8,8,21,8,1
2003,8,9,45,8,1
2003,8,10,3,8,1
2003,8,11,3,8,1
2003,8,12,30,8,1
2003,8,13,19,8,1
2003,8,14,1,8,1
2003,8,15,1,8,1
2003,8,16,0,8,1
2003,8,17,0,8,1
2003,8,18,2,8,1
2003,8,19,0,8,1
2003,8,20,0,8,1
2003,8,21,21,8,1
2003,8,22,0,8,1
2003,8,23,23,8,1
2003,8,24,0,8,1
2003,8,25,85,8,1
2003,8,26,0,8,1
2003,8,27,0,5,1
2003,8,28,11,8,1
2003,8,29,8,8,1
2003,8,30,0,8,1
2003,8,31,7,8,1
2003,9,1,0,8,1
2003,9,2,1,8,1
2003,9,3,8,8,1
2003,9,4,0,8,1
2003,9,5,8,8,1
2003,9,6,25,8,1
2003,9,7,0,8,1
2003,9,8,17,8,1
2003,9,9,0,8,1
2003,9,10,22,8,1
2003,9,11,0,8,1
2003,9,12,10,8,1
2003,9,13,3,5,1
2003,9,14,14,8,1
2003,9,15,0,8,1
2003,9,16,0,8,1
2003,9,17,0,8,1
2003,9,18,0,5,1
2003,9,19,25,8,1
2003,9,20,0,8,1
2003,9,21,0,8,1
2003,9,22,0,8,1
2003,9,23,0,8,1
2003,9,24,0,8,1
2003,9,25,9,8,1
2003,9,26,0,8,1
2003,9,27,4,8,1
2003,9,28,8,8,1
2003,9,29,5,8,1
2003,9,30,2,8,1
2003,10,1,6,8,1
2003,10,2,25,8,1
2003,10,3,9,8,1
2003,10,4,10,8,1
2003,10,5,1,8,1
2003,10,6,4,8,1
2003,10,7,0,4,1
2003,10,8,0,4,1
2003,10,9,0,8,1
2003,10,10,0,8,1
2003,10,11,0,8,1
2003,10,12,0,8,1
2003,10,13,11,8,1
2003,10,14,1,8,1
2003,10,15,2,8,1
2003,10,16,7,8,1
2003,10,17,1,8,1
2003,10,18,0,8,1
2003,10,19,0,4,1
2003,10,20,0,4,1
2003,10,21,0,8,1
2003,10,22,0,8,1
2003,10,23,4,5,1
2003,10,24,1,8,1
2003,10,25,9,8,1
2003,10,26,0,8,1
2003,10,27,0,5,1
2003,10,28,1,8,1
2003,10,29,21,8,1
2003,10,30,1,8,1
2003,10,31,0,8,1
2003,11,1,0,8,1
2003,11,2,0,8,1
2003,11,3,4,8,1
2003,11,4,0,8,1
2003,11,5,0,8,1
2003,11,6,0,8,1
2003,11,7,4,8,1
2003,11,8,8,8,1
2003,11,9,0,8,1
2003,11,10,0,8,1
2003,11,11,5,8,1
2003,11,12,0,8,1
2003,11,13,0,8,1
2003,11,14,0,8,1
2003,11,15,8,8,1
2003,11,16,18,8,1
2003,11,17,5,8,1
2003,11,18,0,8,1
2003,11,19,0,8,1
2003,11,20,0,8,1
2003,11,21,36,8,1
2003,11,22,1,8,1
2003,11,23,0,8,1
2003,11,24,0,8,1
2003,11,25,14,8,1
2003,11,26,0,8,1
2003,11,27,0,8,1
2003,11,28,0,8,1
2003,11,29,15,8,1
2003,11,30,4,8,1
2003,12,1,0,5,1
2003,12,2,1,8,1
2003,12,3,4,8,1
2003,12,4,1,8,1
2003,12,5,0,8,1
2003,12,6,6,8,1
2003,12,7,5,8,1
2003,12,8,4,8,1
2003,12,9,2,8,1
2003,12,10,1,8,1
2003,12,11,0,8,1
2003,12,12,13,8,1
2003,12,13,0,8,1
2003,12,14,3,8,1
2003,12,15,7,8,1
2003,12,16,1,8,1
2003,12,17,1,8,1
2003,12,18,11,8,1
2003,12,19,11,8,1
2003,12,20,2,8,1
2003,12,21,2,8,1
2003,12,22,2,8,1
2003,12,23,0,8,1
2003,12,24,0,5,1
2003,12,25,3,8,1
2003,12,26,0,8,1
2003,12,27,1,8,1
2003,12,28,1,8,1
2003,12,29,15,8,1
2003,12,30,1,8,1
2003,12,31,3,8,1
2004,1,1,3,8,1
2004,1,2,2,8,1
2004,1,3,3,8,1
2004,1,4,1,8,1
2004,1,5,0,8,1
2004,1,6,2,8,1
2004,1,7,0,8,1
2004,1,8,3,8,1
2004,1,9,0,8,1
2004,1,10,3,8,1
2004,1,11,1,8,1
2004,1,12,0,8,1
2004,1,13,5,8,1
2004,1,14,1,8,1
2004,1,15,0,8,1
2004,1,16,6,8,1
2004,1,17,0,8,1
2004,1,18,0,8,1
2004,1,19,6,8,1
2004,1,20,8,8,1
2004,1,21,11,8,1
2004,1,22,11,8,1
2004,1,23,0,8,1
2004,1,24,4,8,1
2004,1,25,0,8,1
2004,1,26,3,8,1
2004,1,27,0,8,1
2004,1,28,2,8,1
2004,1,29,0,8,1
2004,1,30,0,8,1
2004,1,31,1,5,1
2004,2,1,0,8,1
2004,2,2,15,5,1
2004,2,3,0,8,1
2004,2,4,0,8,1
2004,2,5,0,8,1
2004,2,6,0,8,1
2004,2,7,0,8,1
2004,2,8,0,8,1
2004,2,9,0,8,1
2004,2,10,1,8,1
2004,2,11,3,8,1
2004,2,12,3,8,1
2004,2,13,0,8,1
2004,2,14,6,8,1
2004,2,15,8,8,1
2004,2,16,0,5,1
2004,2,17,5,8,1
2004,2,18,0,8,1
2004,2,19,0,8,1
2004,2,20,0,8,1
2004,2,21,0,8,1
2004,2,22,6,8,1
2004,2,23,14,8,1
2004,2,24,3,8,1
2004,2,25,1,8,1
2004,2,26,5,8,1
2004,2,27,0,8,1
2004,2,28,0,8,1
2004,2,29,21,8,1
2004,3,1,0,8,1
2004,3,2,1,8,1
2004,3,3,0,8,1
2004,3,4,6,8,1
2004,3,5,0,8,1
2004,3,6,5,8,1
2004,3,7,12,8,1
2004,3,8,1,8,1
2004,3,9,1,8,1
2004,3,10,0,8,1
2004,3,11,16,8,1
2004,3,12,0,8,1
2004,3,13,0,8,1
2004,3,14,0,5,1
2004,3,15,0,8,1
2004,3,16,0,8,1
2004,3,17,38,8,1
2004,3,18,4,8,1
2004,3,19,0,8,1
2004,3,20,5,8,1
2004,3,21,0,8,1
2004,3,22,0,8,1
2004,3,23,0,8,1
2004,3,24,0,8,1
2004,3,25,0,8,1
2004,3,26,1,8,1
2004,3,27,0,8,1
2004,3,28,0,8,1
2004,3,29,0,8,1
2004,3,30,2,8,1
2004,3,31,3,8,1
2004,4,1,0,8,1
2004,4,2,17,8,1
2004,4,3,2,8,1
2004,4,4,0,8,1
2004,4,5,0,8,1
2004,4,6,0,8,1
2004,4,7,4,8,1
2004,4,8,0,8,1
2004,4,9,0,8,1
2004,4,10,0,8,1
2004,4,11,0,8,1
2004,4,12,0,8,1
2004,4,13,0,8,1
2004,4,14,0,8,1
2004,4,15,0,8,1
2004,4,16,0,8,1
2004,4,17,0,8,1
2004,4,18,0,8,1
2004,4,19,0,8,1
2004,4,20,15,8,1
2004,4,21,0,8,1
2004,4,22,12,8,1
2004,4,23,10,8,1
2004,4,24,2,8,1
2004,4,25,8,8,1
2004,4,26,0,8,1
2004,4,27,20,8,1
2004,4,28,14,8,1
2004,4,29,0,8,1
2004,4,30,0,8,1
2004,5,1,0,8,1
2004,5,2,0,8,1
2004,5,3,9,8,1
2004,5,4,50,8,1
2004,5,5,0,8,1
2004,5,6,0,8,1
2004,5,7,0,8,1
2004,5,8,0,8,1
2004,5,9,0,8,1
2004,5,10,7,8,1
2004,5,11,2,8,1
2004,5,12,0,8,1
2004,5,13,10,8,1
2004,5,14,4,8,1
2004,5,15,0,8,1
2004,5,16,3,8,1
2004,5,17,7,8,1
2004,5,18,0,8,1
2004,5,19,0,8,1
2004,5,20,0,8,1
2004,5,21,12,8,1
2004,5,22,1,8,1
2004,5,23,0,8,1
2004,5,24,5,8,1
2004,5,25,4,8,1
2004,5,26,0,8,1
2004,5,27,0,8,1
2004,5,28,0,8,1
2004,5,29,23,8,1
2004,5,30,11,8,1
2004,5,31,36,8,1
2004,6,1,0,8,1
2004,6,2,0,8,1
2004,6,3,0,8,1
2004,6,4,0,8,1
2004,6,5,0,8,1
2004,6,6,0,8,1
2004,6,7,0,8,1
2004,6,8,10,8,1
2004,6,9,0,8,1
2004,6,10,7,8,1
2004,6,11,0,8,1
2004,6,12,0,8,1
2004,6,13,0,8,1
2004,6,14,0,8,1
2004,6,15,1,8,1
2004,6,16,0,8,1
2004,6,17,0,8,1
2004,6,18,0,8,1
2004,6,19,22,8,1
2004,6,20,17,8,1
2004,6,21,25,8,1
2004,6,22,27,8,1
2004,6,23,3,8,1
2004,6,24,0,8,1
2004,6,25,0,8,1
2004,6,26,5,8,1
2004,6,27,0,8,1
2004,6,28,0,8,1
2004,6,29,7,8,1
2004,6,30,6,8,1
2004,7,1,0,8,1
2004,7,2,0,8,1
2004,7,3,0,8,1
2004,7,4,0,8,1
2004,7,5,4,8,1
2004,7,6,0,8,1
2004,7,7,0,8,1
2004,7,8,5,8,1
2004,7,9,0,8,1
2004,7,10,0,8,1
2004,7,11,2,8,1
2004,7,12,1,8,1
2004,7,13,1,8,1
2004,7,14,0,8,1
2004,7,15,1,8,1
2004,7,16,14,8,1
2004,7,17,23,8,1
2004,7,18,3,8,1
2004,7,19,45,8,1
2004,7,20,29,8,1
2004,7,21,0,8,1
2004,7,22,0,8,1
2004,7,23,0,8,1
2004,7,24,0,8,1
2004,7,25,0,8,1
2004,7,26,3,8,1
2004,7,27,0,8,1
2004,7,28,0,8,1
2004,7,29,0,8,1
2004,7,30,0,8,1
2004,7,31,0,8,1
2004,8,1,0,8,1
2004,8,2,0,8,1
2004,8,3,3,8,1
2004,8,4,0,8,1
2004,8,5,0,8,1
2004,8,6,78,8,1
2004,8,7,0,8,1
2004,8,8,0,8,1
2004,8,9,46,8,1
2004,8,10,0,8,1
2004,8,11,0,8,1
2004,8,12,8,8,1
2004,8,13,22,8,1
2004,8,14,2,8,1
2004,8,15,13,8,1
2004,8,16,1,5,1
2004,8,17,8,8,1
2004,8,18,82,8,1
2004,8,19,9,8,1
2004,8,20,13,8,1
2004,8,21,0,5,1
2004,8,22,0,8,1
2004,8,23,1,8,1
2004,8,24,5,8,1
2004,8,25,0,8,1
2004,8,26,0,8,1
2004,8,27,0,8,1
2004,8,28,0,8,1
2004,8,29,0,8,1
2004,8,30,0,8,1
2004,8,31,39,8,1
2004,9,1,0,8,1
2004,9,2,1,8,1
2004,9,3,0,8,1
2004,9,4,0,8,1
2004,9,5,0,8,1
2004,9,6,23,8,1
2004,9,7,0,8,1
2004,9,8,7,8,1
2004,9,9,0,8,1
2004,9,10,1,8,1
2004,9,11,0,8,1
2004,9,12,0,8,1
2004,9,13,52,8,1
2004,9,14,1,8,1
2004,9,15,0,8,1
2004,9,16,0,8,1
2004,9,17,5,8,1
2004,9,18,6,5,1
2004,9,19,27,8,1
2004,9,20,0,8,1
2004,9,21,44,8,1
2004,9,22,4,8,1
2004,9,23,0,8,1
2004,9,24,3,8,1
2004,9,25,12,8,1
2004,9,26,0,5,1
2004,9,27,0,8,1
2004,9,28,0,8,1
2004,9,29,27,8,1
2004,9,30,101,8,1
2004,10,1,0,8,1
2004,10,2,2,8,1
2004,10,3,2,8,1
2004,10,4,0,8,1
2004,10,5,1,4,1
2004,10,6,0,4,1
2004,10,7,0,8,1
2004,10,8,0,8,1
2004,10,9,2,8,1
2004,10,10,5,8,1
2004,10,11,0,8,1
2004,10,12,0,8,1
2004,10,13,3,8,1
2004,10,14,0,8,1
2004,10,15,0,8,1
2004,10,16,0,8,1
2004,10,17,0,8,1
2004,10,18,0,8,1
2004,10,19,0,8,1
2004,10,20,7,8,1
2004,10,21,14,8,1
2004,10,22,9,8,1
2004,10,23,0,8,1
2004,10,24,0,5,1
2004,10,25,0,8,1
2004,10,26,5,8,1
2004,10,27,0,8,1
2004,10,28,1,5,1
2004,10,29,0,8,1
2004,10,30,0,8,1
2004,10,31,12,8,1
2004,11,1,5,8,1
2004,11,2,52,8,1
2004,11,3,11,8,1
2004,11,4,11,8,1
2004,11,5,3,8,1
2004,11,6,6,8,1
2004,11,7,0,5,1
2004,11,8,0,8,1
2004,11,9,5,8,1
2004,11,10,0,8,1
2004,11,11,8,8,1
2004,11,12,7,8,1
2004,11,13,1,8,1
2004,11,14,0,8,1
2004,11,15,14,8,1
2004,11,16,5,8,1
2004,11,17,1,8,1
2004,11,18,0,8,1
2004,11,19,0,8,1
2004,11,20,0,8,1
2004,11,21,0,8,1
2004,11,22,0,8,1
2004,11,23,9,8,1
2004,11,24,8,8,1
2004,11,25,0,8,1
2004,11,26,14,8,1
2004,11,27,9,8,1
2004,11,28,0,8,1
2004,11,29,0,8,1
2004,11,30,1,8,1
2004,12,1,2,8,1
2004,12,2,0,8,1
2004,12,3,0,8,1
2004,12,4,3,8,1
2004,12,5,53,8,1
2004,12,6,0,8,1
2004,12,7,13,8,1
2004,12,8,4,8,1
2004,12,9,0,8,1
2004,12,10,10,5,1
2004,12,11,0,8,1
2004,12,12,0,8,1
2004,12,13,2,8,1
2004,12,14,0,8,1
2004,12,15,0,8,1
2004,12,16,9,8,1
2004,12,17,0,8,1
2004,12,18,3,8,1
2004,12,19,0,8,1
2004,12,20,21,8,1
2004,12,21,1,8,1
2004,12,22,1,8,1
2004,12,23,4,8,1
2004,12,24,3,8,1
2004,12,25,1,8,1
2004,12,26,1,8,1
2004,12,27,1,8,1
2004,12,28,1,8,1
2004,12,29,0,8,1
2004,12,30,1,8,1
2004,12,31,2,8,1
2005,1,1,2,8,1
2005,1,2,3,8,1
2005,1,3,51,8,1
2005,1,4,22,8,1
2005,1,5,0,8,1
2005,1,6,0,8,1
2005,1,7,11,8,1
2005,1,8,3,8,1
2005,1,9,6,8,1
2005,1,10,1,8,1
2005,1,11,0,8,1
2005,1,12,3,8,1
2005,1,13,1,8,1
2005,1,14,2,8,1
2005,1,15,0,8,1
2005,1,16,1,8,1
2005,1,17,0,8,1
2005,1,18,0,8,1
2005,1,19,8,8,1
2005,1,20,6,8,1
2005,1,21,1,8,1
2005,1,22,4,8,1
2005,1,23,0,8,1
2005,1,24,6,8,1
2005,1,25,0,8,1
2005,1,26,2,8,1
2005,1,27,5,8,1
2005,1,28,1,8,1
2005,1,29,14,8,1
2005,1,30,1,8,1
2005,1,31,0,8,1
2005,2,1,4,8,1
2005,2,2,7,8,1
2005,2,3,1,8,1
2005,2,4,1,8,1
2005,2,5,1,8,1
2005,2,6,7,8,1
2005,2,7,1,8,1
2005,2,8,0,8,1
2005,2,9,4,8,1
2005,2,10,6,8,1
2005,2,11,1,8,1
2005,2,12,1,8,1
2005,2,13,0,8,1
2005,2,14,0,8,1
2005,2,15,7,8,1
2005,2,16,1,8,1
2005,2,17,1,8,1
2005,2,18,0,8,1
2005,2,19,6,8,1
2005,2,20,4,8,1
2005,2,21,0,8,1
2005,2,22,0,8,1
2005,2,23,5,8,1
2005,2,24,0,8,1
2005,2,25,2,8,1
2005,2,26,3,8,1
2005,2,27,2,8,1
2005,2,28,0,8,1
2005,3,1,4,8,1
2005,3,2,1,8,1
2005,3,3,1,8,1
2005,3,4,0,8,1
2005,3,5,0,8,1
2005,3,6,0,8,1
2005,3,7,2,8,1
2005,3,8,22,8,1
2005,3,9,0,8,1
2005,3,10,7,8,1
2005,3,11,49,8,1
2005,3,12,1,8,1
2005,3,13,5,8,1
2005,3,14,1,8,1
2005,3,15,0,8,1
2005,3,16,4,8,1
2005,3,17,20,8,1
2005,3,18,6,8,1
2005,3,19,0,8,1
2005,3,20,1,8,1
2005,3,21,0,5,1
2005,3,22,0,8,1
2005,3,23,0,8,1
2005,3,24,2,8,1
2005,3,25,5,8,1
2005,3,26,0,8,1
2005,3,27,1,5,1
2005,3,28,3,8,1
2005,3,29,5,8,1
2005,3,30,0,8,1
2005,3,31,0,8,1
2005,4,1,0,8,1
2005,4,2,0,8,1
2005,4,3,3,8,1
2005,4,4,0,8,1
2005,4,5,0,8,1
2005,4,6,0,8,1
2005,4,7,42,8,1
2005,4,8,2,8,1
2005,4,9,0,8,1
2005,4,10,19,8,1
2005,4,11,0,8,1
2005,4,12,0,8,1
2005,4,13,6,8,1
2005,4,14,0,8,1
2005,4,15,1,8,1
2005,4,16,0,8,1
2005,4,17,2,8,1
2005,4,18,0,8,1
2005,4,19,0,8,1
2005,4,20,5,8,1
2005,4,21,10,8,1
2005,4,22,0,8,1
2005,4,23,0,8,1
2005,4,24,0,8,1
2005,4,25,2,8,1
2005,4,26,0,8,1
2005,4,27,0,8,1
2005,4,28,1,8,1
2005,4,29,5,8,1
2005,4,30,0,8,1
2005,5,1,0,8,1
2005,5,2,4,5,1
2005,5,3,0,8,1
2005,5,4,0,8,1
2005,5,5,0,8,1
2005,5,6,0,8,1
2005,5,7,25,8,1
2005,5,8,5,8,1
2005,5,9,2,8,1
2005,5,10,6,8,1
2005,5,11,1,8,1
2005,5,12,2,8,1
2005,5,13,1,8,1
2005,5,14,0,8,1
2005,5,15,7,8,1
2005,5,16,0,8,1
2005,5,17,0,8,1
2005,5,18,6,8,1
2005,5,19,6,8,1
2005,5,20,0,8,1
2005,5,21,0,8,1
2005,5,22,2,8,1
2005,5,23,5,8,1
2005,5,24,4,8,1
2005,5,25,0,8,1
2005,5,26,0,8,1
2005,5,27,1,8,1
2005,5,28,0,8,1
2005,5,29,0,8,1
2005,5,30,0,8,1
2005,5,31,0,8,1
2005,6,1,0,8,1
2005,6,2,0,8,1
2005,6,3,0,8,1
2005,6,4,0,8,1
2005,6,5,0,8,1
2005,6,6,0,8,1
2005,6,7,0,8,1
2005,6,8,0,8,1
2005,6,9,0,8,1
2005,6,10,0,8,1
2005,6,11,20,8,1
2005,6,12,4,8,1
2005,6,13,1,8,1
2005,6,14,0,8,1
2005,6,15,0,8,1
2005,6,16,0,8,1
2005,6,17,6,8,1
2005,6,18,0,8,1
2005,6,19,0,8,1
2005,6,20,0,5,1
2005,6,21,0,8,1
2005,6,22,0,8,1
2005,6,23,0,8,1
2005,6,24,0,8,1
2005,6,25,0,8,1
2005,6,26,0,8,1
2005,6,27,46,8,1
2005,6,28,1,4,1
2005,6,29,0,4,1
2005,6,30,0,8,1
2005,7,1,2,8,1
2005,7,2,0,8,1
2005,7,3,0,5,1
2005,7,4,17,8,1
2005,7,5,41,8,1
2005,7,6,69,4,1
2005,7,7,0,4,1
2005,7,8,0,8,1
2005,7,9,0,8,1
2005,7,10,57,8,1
2005,7,11,10,8,1
2005,7,12,1,8,1
2005,7,13,0,8,1
2005,7,14,3,8,1
2005,7,15,1,8,1
2005,7,16,0,8,1
2005,7,17,0,8,1
2005,7,18,1,8,1
2005,7,19,0,8,1
2005,7,20,5,8,1
2005,7,21,13,8,1
2005,7,22,0,8,1
2005,7,23,0,8,1
2005,7,24,0,8,1
2005,7,25,0,8,1
2005,7,26,1,8,1
2005,7,27,31,8,1
2005,7,28,1,8,1
2005,7,29,4,8,1
2005,7,30,3,8,1
2005,7,31,0,8,1
2005,8,1,9,8,1
2005,8,2,0,8,1
2005,8,3,0,8,1
2005,8,4,0,8,1
2005,8,5,0,8,1
2005,8,6,0,8,1
2005,8,7,0,8,1
2005,8,8,15,8,1
2005,8,9,0,8,1
2005,8,10,0,8,1
2005,8,11,0,8,1
2005,8,12,0,8,1
2005,8,13,1,8,1
2005,8,14,31,8,1
2005,8,15,37,8,1
2005,8,16,0,8,1
2005,8,17,0,8,1
2005,8,18,0,8,1
2005,8,19,0,8,1
2005,8,20,0,8,1
2005,8,21,0,8,1
2005,8,22,42,8,1
2005,8,23,5,8,1
2005,8,24,0,8,1
2005,8,25,0,8,1
2005,8,26,6,8,1
2005,8,27,1,8,1
2005,8,28,0,8,1
2005,8,29,9,8,1
2005,8,30,0,8,1
2005,8,31,0,8,1
2005,9,1,6,8,1
2005,9,2,60,8,1
2005,9,3,6,8,1
2005,9,4,0,8,1
2005,9,5,0,8,1
2005,9,6,0,8,1
2005,9,7,8,8,1
2005,9,8,5,8,1
2005,9,9,0,8,1
2005,9,10,1,8,1
2005,9,11,0,8,1
2005,9,12,0,5,1
2005,9,13,2,8,1
2005,9,14,57,8,1
2005,9,15,0,8,1
2005,9,16,0,8,1
2005,9,17,0,8,1
2005,9,18,6,8,1
2005,9,19,3,8,1
2005,9,20,0,8,1
2005,9,21,0,8,1
2005,9,22,7,8,1
2005,9,23,1,8,1
2005,9,24,0,8,1
2005,9,25,0,8,1
2005,9,26,0,8,1
2005,9,27,0,8,1
2005,9,28,0,8,1
2005,9,29,0,8,1
2005,9,30,0,8,1
2005,10,1,35,8,1
2005,10,2,0,8,1
2005,10,3,0,8,1
2005,10,4,2,8,1
2005,10,5,0,5,1
2005,10,6,0,4,1
2005,10,7,1,4,1
2005,10,8,39,8,1
2005,10,9,0,8,1
2005,10,10,0,8,1
2005,10,11,0,8,1
2005,10,12,0,8,1
2005,10,13,0,8,1
2005,10,14,21,8,1
2005,10,15,39,8,1
2005,10,16,0,8,1
2005,10,17,0,8,1
2005,10,18,0,8,1
2005,10,19,0,8,1
2005,10,20,0,8,1
2005,10,21,0,8,1
2005,10,22,8,8,1
2005,10,23,6,8,1
2005,10,24,2,8,1
2005,10,25,8,4,1
2005,10,26,0,8,1
2005,10,27,0,8,1
2005,10,28,0,8,1
2005,10,29,33,8,1
2005,10,30,0,8,1
2005,10,31,0,8,1
2005,11,1,0,5,1
2005,11,2,2,8,1
2005,11,3,7,8,1
2005,11,4,10,8,1
2005,11,5,0,8,1
2005,11,6,15,8,1
2005,11,7,14,8,1
2005,11,8,8,8,1
2005,11,9,6,8,1
2005,11,10,32,8,1
2005,11,11,9,8,1
2005,11,12,0,8,1
2005,11,13,5,8,1
2005,11,14,1,8,1
2005,11,15,0,8,1
2005,11,16,5,8,1
2005,11,17,3,8,1
2005,11,18,4,8,1
2005,11,19,12,8,1
2005,11,20,9,8,1
2005,11,21,13,8,1
2005,11,22,1,8,1
2005,11,23,9,8,1
2005,11,24,5,8,1
2005,11,25,4,8,1
2005,11,26,0,8,1
2005,11,27,11,8,1
2005,11,28,1,8,1
2005,11,29,11,8,1
2005,11,30,2,8,1
2005,12,1,1,8,1
2005,12,2,9,8,1
2005,12,3,2,8,1
2005,12,4,4,5,1
2005,12,5,1,8,1
2005,12,6,0,8,1
2005,12,7,4,8,1
2005,12,8,0,8,1
2005,12,9,0,8,1
2005,12,10,0,8,1
2005,12,11,2,8,1
2005,12,12,4,8,1
2005,12,13,2,8,1
2005,12,14,3,8,1
2005,12,15,2,8,1
2005,12,16,3,8,1
2005,12,17,10,8,1
2005,12,18,1,8,1
2005,12,19,1,8,1
2005,12,20,9,8,1
2005,12,21,2,8,1
2005,12,22,4,8,1
2005,12,23,20,8,1
2005,12,24,0,8,1
2005,12,25,11,8,1
2005,12,26,4,8,1
2005,12,27,3,8,1
2005,12,28,2,8,1
2005,12,29,3,8,1
2005,12,30,0,8,1
2005,12,31,0,8,1
2006,1,1,1,8,1
2006,1,2,3,8,1
2006,1,3,0,8,1
2006,1,4,8,8,1
2006,1,5,2,8,1
2006,1,6,2,8,1
2006,1,7,2,8,1
2006,1,8,3,8,1
2006,1,9,8,5,1
2006,1,10,5,8,1
2006,1,11,1,8,1
2006,1,12,0,8,1
2006,1,13,9,8,1
2006,1,14,9,8,1
2006,1,15,0,8,1
2006,1,16,1,8,1
2006,1,17,0,8,1
2006,1,18,0,8,1
2006,1,19,0,8,1
2006,1,20,1,8,1
2006,1,21,0,8,1
2006,1,22,1,8,1
2006,1,23,2,8,1
2006,1,24,0,8,1
2006,1,25,0,8,1
2006,1,26,1,8,1
2006,1,27,0,8,1
2006,1,28,2,8,1
2006,1,29,1,8,1
2006,1,30,3,8,1
2006,1,31,0,8,1
2006,2,1,3,8,1
2006,2,2,0,8,1
2006,2,3,2,8,1
2006,2,4,3,8,1
2006,2,5,4,8,1
2006,2,6,1,8,1
2006,2,7,4,8,1
2006,2,8,2,8,1
2006,2,9,0,8,1
2006,2,10,2,8,1
2006,2,11,0,8,1
2006,2,12,0,8,1
2006,2,13,2,8,1
2006,2,14,22,8,1
2006,2,15,1,8,1
2006,2,16,0,8,1
2006,2,17,0,8,1
2006,2,18,0,8,1
2006,2,19,1,8,1
2006,2,20,0,8,1
2006,2,21,0,8,1
2006,2,22,1,8,1
2006,2,23,1,8,1
2006,2,24,0,8,1
2006,2,25,0,8,1
2006,2,26,8,8,1
2006,2,27,0,8,1
2006,2,28,0,8,1
2006,3,1,13,8,1
2006,3,2,3,8,1
2006,3,3,1,8,1
2006,3,4,2,8,1
2006,3,5,4,8,1
2006,3,6,1,8,1
2006,3,7,0,8,1
2006,3,8,5,5,1
2006,3,9,0,8,1
2006,3,10,0,8,1
2006,3,11,5,8,1
2006,3,12,5,8,1
2006,3,13,0,8,1
2006,3,14,0,8,1
2006,3,15,0,8,1
2006,3,16,3,8,1
2006,3,17,2,8,1
2006,3,18,1,8,1
2006,3,19,9,8,1
2006,3,20,0,8,1
2006,3,21,0,8,1
2006,3,22,0,8,1
2006,3,23,4,8,1
2006,3,24,2,8,1
2006,3,25,0,8,1
2006,3,26,5,8,1
2006,3,27,0,8,1
2006,3,28,5,8,1
2006,3,29,4,8,1
2006,3,30,1,8,1
2006,3,31,0,8,1
2006,4,1,0,8,1
2006,4,2,22,8,1
2006,4,3,6,8,1
2006,4,4,0,8,1
2006,4,5,0,8,1
2006,4,6,1,8,1
2006,4,7,0,8,1
2006,4,8,5,8,1
2006,4,9,0,8,1
2006,4,10,0,8,1
2006,4,11,0,8,1
2006,4,12,3,8,1
2006,4,13,7,8,1
2006,4,14,2,8,1
2006,4,15,0,8,1
2006,4,16,8,8,1
2006,4,17,2,8,1
2006,4,18,3,8,1
2006,4,19,0,8,1
2006,4,20,15,8,1
2006,4,21,5,8,1
2006,4,22,0,8,1
2006,4,23,0,8,1
2006,4,24,7,8,1
2006,4,25,7,8,1
2006,4,26,0,8,1
2006,4,27,9,8,1
2006,4,28,0,8,1
2006,4,29,0,8,1
2006,4,30,4,8,1
2006,5,1,1,8,1
2006,5,2,0,8,1
2006,5,3,0,8,1
2006,5,4,0,8,1
2006,5,5,6,8,1
2006,5,6,2,8,1
2006,5,7,2,8,1
2006,5,8,0,8,1
2006,5,9,0,8,1
2006,5,10,0,8,1
2006,5,11,15,8,1
2006,5,12,0,8,1
2006,5,13,7,8,1
2006,5,14,3,8,1
2006,5,15,0,8,1
2006,5,16,0,8,1
2006,5,17,0,8,1
2006,5,18,0,8,1
2006,5,19,17,8,1
2006,5,20,3,8,1
2006,5,21,0,8,1
2006,5,22,0,8,1
2006,5,23,20,8,1
2006,5,24,1,8,1
2006,5,25,0,8,1
2006,5,26,0,8,1
2006,5,27,0,8,1
2006,5,28,18,8,1
2006,5,29,2,8,1
2006,5,30,2,8,1
2006,5,31,1,8,1
2006,6,1,1,8,1
2006,6,2,0,8,1
2006,6,3,0,8,1
2006,6,4,0,8,1
2006,6,5,0,8,1
2006,6,6,0,8,1
2006,6,7,3,8,1
2006,6,8,0,8,1
2006,6,9,8,8,1
2006,6,10,4,8,1
2006,6,11,0,8,1
2006,6,12,18,8,1
2006,6,13,1,8,1
2006,6,14,0,8,1
2006,6,15,9,8,1
2006,6,16,6,8,1
2006,6,17,0,8,1
2006,6,18,0,8,1
2006,6,19,0,8,1
2006,6,20,1,8,1
2006,6,21,1,8,1
2006,6,22,0,8,1
2006,6,23,2,8,1
2006,6,24,0,8,1
2006,6,25,0,8,1
2006,6,26,0,8,1
2006,6,27,5,8,1
2006,6,28,4,8,1
2006,6,29,0,8,1
2006,6,30,0,8,1
2006,7,1,71,8,1
2006,7,2,23,8,1
2006,7,3,40,8,1
2006,7,4,0,8,1
2006,7,5,0,8,1
2006,7,6,9,8,1
2006,7,7,0,8,1
2006,7,8,0,8,1
2006,7,9,0,8,1
2006,7,10,0,8,1
2006,7,11,0,8,1
2006,7,12,2,8,1
2006,7,13,6,8,1
2006,7,14,2,8,1
2006,7,15,1,8,1
2006,7,16,3,8,1
2006,7,17,0,8,1
2006,7,18,4,8,1
2006,7,19,18,8,1
2006,7,20,0,8,1
2006,7,21,8,8,1
2006,7,22,2,8,1
2006,7,23,0,8,1
2006,7,24,0,8,1
2006,7,25,0,8,1
2006,7,26,0,8,1
2006,7,27,0,8,1
2006,7,28,4,8,1
2006,7,29,7,8,1
2006,7,30,0,8,1
2006,7,31,0,8,1
2006,8,1,0,8,1
2006,8,2,0,8,1
2006,8,3,0,8,1
2006,8,4,0,8,1
2006,8,5,0,8,1
2006,8,6,0,8,1
2006,8,7,0,5,1
2006,8,8,0,8,1
2006,8,9,0,8,1
2006,8,10,0,8,1
2006,8,11,0,8,1
2006,8,12,30,8,1
2006,8,13,0,8,1
2006,8,14,0,8,1
2006,8,15,0,8,1
2006,8,16,0,8,1
2006,8,17,0,8,1
2006,8,18,102,8,1
2006,8,19,0,8,1
2006,8,20,18,8,1
2006,8,21,12,8,1
2006,8,22,0,8,1
2006,8,23,0,8,1
2006,8,24,5,8,1
2006,8,25,0,8,1
2006,8,26,0,8,1
2006,8,27,0,8,1
2006,8,28,22,8,1
2006,8,29,4,8,1
2006,8,30,3,8,1
2006,8,31,0,8,1
2006,9,1,0,8,1
2006,9,2,0,8,1
2006,9,3,2,8,1
2006,9,4,0,8,1
2006,9,5,0,8,1
2006,9,6,6,8,1
2006,9,7,0,8,1
2006,9,8,0,8,1
2006,9,9,0,8,1
2006,9,10,12,8,1
2006,9,11,1,8,1
2006,9,12,0,8,1
2006,9,13,0,8,1
2006,9,14,0,8,1
2006,9,15,0,8,1
2006,9,16,0,8,1
2006,9,17,0,8,1
2006,9,18,5,8,1
2006,9,19,3,8,1
2006,9,20,3,8,1
2006,9,21,0,8,1
2006,9,22,0,8,1
2006,9,23,0,8,1
2006,9,24,0,8,1
2006,9,25,0,8,1
2006,9,26,0,8,1
2006,9,27,31,8,1
2006,9,28,1,8,1
2006,9,29,0,8,1
2006,9,30,1,8,1
2006,10,1,0,8,1
2006,10,2,11,8,1
2006,10,3,13,8,1
2006,10,4,0,8,1
2006,10,5,0,8,1
2006,10,6,29,8,1
2006,10,7,40,8,1
2006,10,8,2,8,1
2006,10,9,0,8,1
2006,10,10,0,8,1
2006,10,11,11,8,1
2006,10,12,0,8,1
2006,10,13,0,8,1
2006,10,14,0,8,1
2006,10,15,0,8,1
2006,10,16,0,4,1
2006,10,17,17,4,1
2006,10,18,0,8,1
2006,10,19,0,8,1
2006,10,20,12,8,1
2006,10,21,0,8,1
2006,10,22,0,8,1
2006,10,23,3,8,1
2006,10,24,3,8,1
2006,10,25,0,8,1
2006,10,26,0,8,1
2006,10,27,0,8,1
2006,10,28,0,8,1
2006,10,29,5,8,1
2006,10,30,0,8,1
2006,10,31,1,8,1
2006,11,1,1,8,1
2006,11,2,0,8,1
2006,11,3,0,8,1
2006,11,4,0,8,1
2006,11,5,0,8,1
2006,11,6,13,8,1
2006,11,7,51,8,1
2006,11,8,11,8,1
2006,11,9,7,8,1
2006,11,10,13,8,1
2006,11,11,14,8,1
2006,11,12,2,8,1
2006,11,13,7,8,1
2006,11,14,18,8,1
2006,11,15,5,8,1
2006,11,16,3,8,1
2006,11,17,0,8,1
2006,11,18,1,8,1
2006,11,19,0,8,1
2006,11,20,19,8,1
2006,11,21,4,8,1
2006,11,22,4,8,1
2006,11,23,0,8,1
2006,11,24,0,8,1
2006,11,25,0,8,1
2006,11,26,0,8,1
2006,11,27,9,8,1
2006,11,28,5,8,1
2006,11,29,13,8,1
2006,11,30,1,8,1
2006,12,1,1,8,1
2006,12,2,8,8,1
2006,12,3,1,8,1
2006,12,4,0,8,1
2006,12,5,7,8,1
2006,12,6,0,8,1
2006,12,7,8,8,1
2006,12,8,0,8,1
2006,12,9,0,8,1
2006,12,10,1,8,1
2006,12,11,0,8,1
2006,12,12,0,8,1
2006,12,13,6,8,1
2006,12,14,0,8,1
2006,12,15,0,8,1
2006,12,16,3,8,1
2006,12,17,6,8,1
2006,12,18,0,8,1
2006,12,19,0,8,1
2006,12,20,0,8,1
2006,12,21,0,8,1
2006,12,22,0,8,1
2006,12,23,5,8,1
2006,12,24,0,8,1
2006,12,25,0,8,1
2006,12,26,6,8,1
2006,12,27,33,8,1
2006,12,28,11,8,1
2006,12,29,5,8,1
2006,12,30,0,8,1
2006,12,31,1,8,1
2007,1,1,0,8,1
2007,1,2,4,8,1
2007,1,3,0,8,1
2007,1,4,0,8,1
2007,1,5,0,8,1
2007,1,6,23,8,1
2007,1,7,14,8,1
2007,1,8,1,8,1
2007,1,9,0,8,1
2007,1,10,1,8,1
2007,1,11,0,8,1
2007,1,12,0,8,1
2007,1,13,7,8,1
2007,1,14,1,8,1
2007,1,15,1,8,1
2007,1,16,0,8,1
2007,1,17,0,8,1
2007,1,18,4,8,1
2007,1,19,0,8,1
2007,1,20,0,8,1
2007,1,21,0,8,1
2007,1,22,2,8,1
2007,1,23,0,8,1
2007,1,24,0,8,1
2007,1,25,0,8,1
2007,1,26,1,8,1
2007,1,27,13,8,1
2007,1,28,0,8,1
2007,1,29,0,8,1
2007,1,30,0,8,1
2007,1,31,16,8,1
2007,2,1,8,8,1
2007,2,2,1,8,1
2007,2,3,12,8,1
2007,2,4,0,8,1
2007,2,5,0,8,1
2007,2,6,0,8,1
2007,2,7,0,8,1
2007,2,8,0,8,1
2007,2,9,0,8,1
2007,2,10,0,8,1
2007,2,11,1,8,1
2007,2,12,1,8,1
2007,2,13,0,8,1
2007,2,14,18,8,1
2007,2,15,3,8,1
2007,2,16,1,8,1
2007,2,17,0,8,1
2007,2,18,0,8,1
2007,2,19,0,8,1
2007,2,20,0,8,1
2007,2,21,4,8,1
2007,2,22,0,8,1
2007,2,23,11,8,1
2007,2,24,0,8,1
2007,2,25,0,8,1
2007,2,26,0,8,1
2007,2,27,0,8,1
2007,2,28,0,8,1
2007,3,1,0,8,1
2007,3,2,0,8,1
2007,3,3,0,8,1
2007,3,4,0,8,1
2007,3,5,13,8,1
2007,3,6,2,8,1
2007,3,7,2,8,1
2007,3,8,0,8,1
2007,3,9,0,8,1
2007,3,10,0,8,1
2007,3,11,16,8,1
2007,3,12,1,8,1
2007,3,13,0,8,1
2007,3,14,1,8,1
2007,3,15,0,8,1
2007,3,16,3,8,1
2007,3,17,0,8,1
2007,3,18,0,8,1
2007,3,19,0,8,1
2007,3,20,0,8,1
2007,3,21,0,8,1
2007,3,22,10,8,1
2007,3,23,0,8,1
2007,3,24,6,8,1
2007,3,25,4,8,1
2007,3,26,0,8,1
2007,3,27,1,8,1
2007,3,28,0,8,1
2007,3,29,7,8,1
2007,3,30,8,8,1
2007,3,31,3,8,1
2007,4,1,13,8,1
2007,4,2,3,8,1
2007,4,3,1,8,1
2007,4,4,0,8,1
2007,4,5,0,8,1
2007,4,6,0,8,1
2007,4,7,0,8,1
2007,4,8,0,8,1
2007,4,9,7,8,1
2007,4,10,4,8,1
2007,4,11,0,8,1
2007,4,12,0,8,1
2007,4,13,16,8,1
2007,4,14,29,8,1
2007,4,15,6,8,1
2007,4,16,0,8,1
2007,4,17,0,8,1
2007,4,18,0,8,1
2007,4,19,0,8,1
2007,4,20,0,8,1
2007,4,21,20,8,1
2007,4,22,17,8,1
2007,4,23,1,8,1
2007,4,24,0,8,1
2007,4,25,12,8,1
2007,4,26,0,8,1
2007,4,27,0,8,1
2007,4,28,0,8,1
2007,4,29,0,8,1
2007,4,30,0,8,1
2007,5,1,0,8,1
2007,5,2,10,8,1
2007,5,3,0,8,1
2007,5,4,0,8,1
2007,5,5,10,8,1
2007,5,6,6,8,1
2007,5,7,3,8,1
2007,5,8,0,8,1
2007,5,9,0,8,1
2007,5,10,0,8,1
2007,5,11,0,8,1
2007,5,12,7,8,1
2007,5,13,7,8,1
2007,5,14,0,8,1
2007,5,15,0,8,1
2007,5,16,0,8,1
2007,5,17,8,8,1
2007,5,18,24,8,1
2007,5,19,21,8,1
2007,5,20,0,8,1
2007,5,21,0,8,1
2007,5,22,0,8,1
2007,5,23,0,8,1
2007,5,24,0,8,1
2007,5,25,6,8,1
2007,5,26,3,8,1
2007,5,27,2,8,1
2007,5,28,0,8,1
2007,5,29,0,8,1
2007,5,30,1,8,1
2007,5,31,25,8,1
2007,6,1,0,8,1
2007,6,2,0,8,1
2007,6,3,0,8,1
2007,6,4,0,8,1
2007,6,5,0,8,1
2007,6,6,38,8,1
2007,6,7,0,8,1
2007,6,8,3,8,1
2007,6,9,0,8,1
2007,6,10,0,8,1
2007,6,11,0,8,1
2007,6,12,0,8,1
2007,6,13,0,8,1
2007,6,14,5,8,1
2007,6,15,9,8,1
2007,6,16,0,8,1
2007,6,17,0,8,1
2007,6,18,0,8,1
2007,6,19,0,8,1
2007,6,20,15,8,1
2007,6,21,44,8,1
2007,6,22,20,8,1
2007,6,23,0,8,1
2007,6,24,0,8,1
2007,6,25,0,8,1
2007,6,26,0,8,1
2007,6,27,0,8,1
2007,6,28,0,8,1
2007,6,29,9,8,1
2007,6,30,0,8,1
2007,7,1,0,8,1
2007,7,2,0,8,1
2007,7,3,2,8,1
2007,7,4,1,8,1
2007,7,5,43,8,1
2007,7,6,0,8,1
2007,7,7,0,8,1
2007,7,8,0,8,1
2007,7,9,0,5,1
2007,7,10,0,8,1
2007,7,11,2,8,1
2007,7,12,7,8,1
2007,7,13,0,8,1
2007,7,14,0,8,1
2007,7,15,0,8,1
2007,7,16,0,8,1
2007,7,17,0,8,1
2007,7,18,0,8,1
2007,7,19,0,8,1
2007,7,20,3,8,1
2007,7,21,1,8,1
2007,7,22,9,8,1
2007,7,23,0,8,1
2007,7,24,0,8,1
2007,7,25,0,8,1
2007,7,26,0,8,1
2007,7,27,0,8,1
2007,7,28,6,8,1
2007,7,29,0,8,1
2007,7,30,0,8,1
2007,7,31,0,8,1
2007,8,1,0,8,1
2007,8,2,0,8,1
2007,8,3,0,8,1
2007,8,4,32,8,1
2007,8,5,13,8,1
2007,8,6,2,8,1
2007,8,7,8,8,1
2007,8,8,13,8,1
2007,8,9,18,8,1
2007,8,10,18,8,1
2007,8,11,0,8,1
2007,8,12,0,8,1
2007,8,13,0,8,1
2007,8,14,0,8,1
2007,8,15,0,8,1
2007,8,16,3,8,1
2007,8,17,2,8,1
2007,8,18,0,8,1
2007,8,19,1,8,1
2007,8,20,0,8,1
2007,8,21,30,8,1
2007,8,22,5,8,1
2007,8,23,0,8,1
2007,8,24,0,8,1
2007,8,25,0,8,1
2007,8,26,1,8,1
2007,8,27,1,8,1
2007,8,28,2,8,1
2007,8,29,0,8,1
2007,8,30,0,8,1
2007,8,31,4,8,1
2007,9,1,0,8,1
2007,9,2,9,8,1
2007,9,3,2,8,1
2007,9,4,0,8,1
2007,9,5,4,8,1
2007,9,6,0,8,1
2007,9,7,14,8,1
2007,9,8,1,8,1
2007,9,9,0,8,1
2007,9,10,13,8,1
2007,9,11,0,8,1
2007,9,12,1,8,1
2007,9,13,0,8,1
2007,9,14,0,8,1
2007,9,15,0,8,1
2007,9,16,46,8,1
2007,9,17,174,8,1
2007,9,18,22,8,1
2007,9,19,0,8,1
2007,9,20,0,8,1
2007,9,21,0,8,1
2007,9,22,3,8,1
2007,9,23,0,8,1
2007,9,24,0,8,1
2007,9,25,0,8,1
2007,9,26,0,8,1
2007,9,27,0,8,1
2007,9,28,39,8,1
2007,9,29,0,8,1
2007,9,30,0,8,1
2007,10,1,0,8,1
2007,10,2,0,8,1
2007,10,3,0,8,1
2007,10,4,0,8,1
2007,10,5,1,8,1
2007,10,6,0,8,1
2007,10,7,0,8,1
2007,10,8,34,8,1
2007,10,9,0,8,1
2007,10,10,0,8,1
2007,10,11,9,8,1
2007,10,12,1,8,1
2007,10,13,0,8,1
2007,10,14,3,8,1
2007,10,15,2,8,1
2007,10,16,0,4,1
2007,10,17,0,4,1
2007,10,18,0,8,1
2007,10,19,3,8,1
2007,10,20,20,8,1
2007,10,21,6,8,1
2007,10,22,32,8,1
2007,10,23,1,8,1
2007,10,24,0,8,1
2007,10,25,0,8,1
2007,10,26,0,8,1
2007,10,27,0,8,1
2007,10,28,0,8,1
2007,10,29,11,8,1
2007,10,30,0,8,1
2007,10,31,0,8,1
2007,11,1,14,8,1
2007,11,2,0,8,1
2007,11,3,8,8,1
2007,11,4,0,8,1
2007,11,5,0,8,1
2007,11,6,0,8,1
2007,11,7,0,8,1
2007,11,8,7,8,1
2007,11,9,0,8,1
2007,11,10,0,8,1
2007,11,11,4,8,1
2007,11,12,28,8,1
2007,11,13,0,8,1
2007,11,14,7,8,1
2007,11,15,11,8,1
2007,11,16,0,8,1
2007,11,17,8,8,1
2007,11,18,12,8,1
2007,11,19,0,8,1
2007,11,20,16,8,1
2007,11,21,1,8,1
2007,11,22,3,8,1
2007,11,23,2,8,1
2007,11,24,4,8,1
2007,11,25,0,8,1
2007,11,26,9,8,1
2007,11,27,0,8,1
2007,11,28,0,8,1
2007,11,29,0,8,1
2007,11,30,0,8,1
2007,12,1,2,8,1
2007,12,2,5,8,1
2007,12,3,11,8,1
2007,12,4,4,8,1
2007,12,5,1,8,1
2007,12,6,1,8,1
2007,12,7,1,8,1
2007,12,8,0,8,1
2007,12,9,3,8,1
2007,12,10,0,8,1
2007,12,11,0,8,1
2007,12,12,2,8,1
2007,12,13,12,8,1
2007,12,14,5,8,1
2007,12,15,0,8,1
2007,12,16,0,8,1
2007,12,17,2,8,1
2007,12,18,0,8,1
2007,12,19,1,8,1
2007,12,20,0,8,1
2007,12,21,2,8,1
2007,12,22,0,8,1
2007,12,23,3,8,1
2007,12,24,9,8,1
2007,12,25,0,8,1
2007,12,26,0,8,1
2007,12,27,2,8,1
2007,12,28,0,8,1
2007,12,29,18,8,1
2007,12,30,15,8,1
2007,12,31,4,8,1
2008,1,1,4,8,1
2008,1,2,1,8,1
2008,1,3,3,8,1
2008,1,4,0,8,1
2008,1,5,1,8,1
2008,1,6,3,8,1
2008,1,7,0,8,1
2008,1,8,0,8,1
2008,1,9,2,8,1
2008,1,10,0,8,1
2008,1,11,2,8,1
2008,1,12,0,8,1
2008,1,13,1,8,1
2008,1,14,2,8,1
2008,1,15,1,8,1
2008,1,16,2,8,1
2008,1,17,2,8,1
2008,1,18,0,8,1
2008,1,19,1,8,1
2008,1,20,1,8,1
2008,1,21,0,8,1
2008,1,22,0,8,1
2008,1,23,0,8,1
2008,1,24,4,8,1
2008,1,25,2,8,1
2008,1,26,2,8,1
2008,1,27,0,8,1
2008,1,28,0,8,1
2008,1,29,2,8,1
2008,1,30,0,8,1
2008,1,31,1,8,1
2008,2,1,0,8,1
2008,2,2,1,8,1
2008,2,3,0,8,1
2008,2,4,0,8,1
2008,2,5,2,8,1
2008,2,6,0,8,1
2008,2,7,0,8,1
2008,2,8,1,8,1
2008,2,9,0,8,1
2008,2,10,0,8,1
2008,2,11,2,8,1
2008,2,12,6,8,1
2008,2,13,1,8,1
2008,2,14,0,8,1
2008,2,15,0,8,1
2008,2,16,0,8,1
2008,2,17,2,8,1
2008,2,18,1,8,1
2008,2,19,0,8,1
2008,2,20,5,8,1
2008,2,21,0,8,1
2008,2,22,3,8,1
2008,2,23,7,8,1
2008,2,24,0,8,1
2008,2,25,0,8,1
2008,2,26,5,8,1
2008,2,27,0,8,1
2008,2,28,1,8,1
2008,2,29,4,8,1
2008,3,1,5,8,1
2008,3,2,6,8,1
2008,3,3,4,8,1
2008,3,4,3,8,1
2008,3,5,9,8,1
2008,3,6,0,8,1
2008,3,7,1,8,1
2008,3,8,0,8,1
2008,3,9,0,8,1
2008,3,10,0,8,1
2008,3,11,0,8,1
2008,3,12,0,8,1
2008,3,13,0,8,1
2008,3,14,11,8,1
2008,3,15,3,8,1
2008,3,16,2,8,1
2008,3,17,0,8,1
2008,3,18,0,8,1
2008,3,19,0,8,1
2008,3,20,0,8,1
2008,3,21,0,8,1
2008,3,22,0,8,1
2008,3,23,0,8,1
2008,3,24,7,8,1
2008,3,25,0,8,1
2008,3,26,5.5,8,1
2008,3,27,0.0,8,1
2008,3,28,3.0,8,1
2008,3,29,0.0,8,1
2008,3,30,0.0,8,1
2008,3,31,0.0,8,1
2008,4,1,0.0,8,1
2008,4,2,0.0,8,1
2008,4,3,6.5,8,1
2008,4,4,3.0,8,1
2008,4,5,0.0,8,1
2008,4,6,0.0,8,1
2008,4,7,0.0,8,1
2008,4,8,0.0,8,1
2008,4,9,0.0,8,1
2008,4,10,0.0,8,1
2008,4,11,2.0,8,1
2008,4,12,0.5,8,1
2008,4,13,0.0,8,1
2008,4,14,0.0,8,1
2008,4,15,0.0,8,1
2008,4,16,0.0,8,1
2008,4,17,0.0,8,1
2008,4,18,0.0,8,1
2008,4,19,0.0,8,1
2008,4,20,0.0,8,1
2008,4,21,0.0,8,1
2008,4,22,0.0,8,1
2008,4,23,0.0,8,1
2008,4,24,13.0,8,1
2008,4,25,0.0,8,1
2008,4,26,0.0,8,1
2008,4,27,5.0,8,1
2008,4,28,2.0,8,1
2008,4,29,0.0,8,1
2008,4,30,0.0,8,1
2008,5,1,0.0,8,1
2008,5,2,0.0,8,1
2008,5,3,0.0,8,1
2008,5,4,0.0,8,1
2008,5,5,18.0,8,1
2008,5,6,0.0,8,1
2008,5,7,0.0,8,1
2008,5,8,0.0,8,1
2008,5,9,0.0,8,1
2008,5,10,0.0,8,1
2008,5,11,0.0,8,1
2008,5,12,0.0,8,1
2008,5,13,0.0,8,1
2008,5,14,1.0,8,1
2008,5,15,3.5,8,1
2008,5,16,0.0,8,1
2008,5,17,0.0,8,1
2008,5,18,0.0,8,1
2008,5,19,0.0,8,1
2008,5,20,19.5,8,1
2008,5,21,0.5,8,1
2008,5,22,0.0,8,1
2008,5,23,0.0,8,1
2008,5,24,0.0,8,1
2008,5,25,12.5,8,1
2008,5,26,17.5,8,1
2008,5,27,0.5,8,1
2008,5,28,0.0,8,1
2008,5,29,0.0,8,1
2008,5,30,0.0,8,1
2008,5,31,0.5,8,1
2008,6,1,5.0,8,1
2008,6,2,0.0,8,1
2008,6,3,0.0,8,1
2008,6,4,0.0,8,1
2008,6,5,0.5,8,1
2008,6,6,38.5,8,1
2008,6,7,1.0,8,1
2008,6,8,0.0,8,1
2008,6,9,0.0,8,1
2008,6,10,0.0,8,1
2008,6,11,0.0,8,1
2008,6,12,0.0,8,1
2008,6,13,1.5,8,1
2008,6,14,1.5,8,1
2008,6,15,0.0,8,1
2008,6,16,0.0,8,1
2008,6,17,0.0,8,1
2008,6,18,0.0,8,1
2008,6,19,2.5,8,1
2008,6,20,0.0,8,1
2008,6,21,0.0,8,1
2008,6,22,0.0,8,1
2008,6,23,0.0,8,1
2008,6,24,3.5,8,1
2008,6,25,0.0,8,1
2008,6,26,0.0,8,1
2008,6,27,0.0,8,1
2008,6,28,0.0,8,1
2008,6,29,31.0,8,1
2008,6,30,0.0,8,1
2008,7,1,0.0,8,1
2008,7,2,0.0,8,1
2008,7,3,2.5,8,1
2008,7,4,1.0,8,1
2008,7,5,0.0,8,1
2008,7,6,0.0,8,1
2008,7,7,23.0,8,1
2008,7,8,0.0,8,1
2008,7,9,0.0,8,1
2008,7,10,0.0,8,1
2008,7,11,47.0,8,1
2008,7,12,2.0,8,1
2008,7,13,0.0,8,1
2008,7,14,58.0,8,1
2008,7,15,0.0,8,1
2008,7,16,0.0,8,1
2008,7,17,0.0,8,1
2008,7,18,4.0,8,1
2008,7,19,0.0,8,1
2008,7,20,0.0,8,1
2008,7,21,0.0,8,1
2008,7,22,14.5,8,1
2008,7,23,0.0,8,1
2008,7,24,2.0,8,1
2008,7,25,0.0,8,1
2008,7,26,0.0,8,1
2008,7,27,1.0,8,1
2008,7,28,65.0,8,1
2008,7,29,4.5,8,1
2008,7,30,0.0,8,1
2008,7,31,3.0,8,1
2008,8,1,0.5,8,1
2008,8,2,3.5,8,1
2008,8,3,21.5,8,1
2008,8,4,0.0,8,1
2008,8,5,0.0,8,1
2008,8,6,0.0,8,1
2008,8,7,0.0,8,1
2008,8,8,0.0,8,1
2008,8,9,0.0,8,1
2008,8,10,0.0,8,1
2008,8,11,0.0,8,1
2008,8,12,0.0,8,1
2008,8,13,0.0,8,1
2008,8,14,63.5,8,1
2008,8,15,12.5,8,1
2008,8,16,0.0,8,1
2008,8,17,0.0,8,1
2008,8,18,0.0,8,1
2008,8,19,17.0,8,1
2008,8,20,25.0,8,1
2008,8,21,43.5,8,1
2008,8,22,0.0,8,1
2008,8,23,5.0,8,1
2008,8,24,4.0,8,1
2008,8,25,0.0,8,1
2008,8,26,0.0,8,1
2008,8,27,0.0,8,1
2008,8,28,12.0,8,1
2008,8,29,3.5,8,1
2008,8,30,14.0,8,1
2008,8,31,7.5,8,1
2008,9,1,1.0,8,1
2008,9,2,0.0,8,1
2008,9,3,3.0,8,1
2008,9,4,0.0,8,1
2008,9,5,0.0,8,1
2008,9,6,0.0,8,1
2008,9,7,0.0,8,1
2008,9,8,0.0,8,1
2008,9,9,0.0,8,1
2008,9,10,0.0,8,1
2008,9,11,0.0,8,1
2008,9,12,0.0,8,1
2008,9,13,0.0,8,1
2008,9,14,0.0,8,1
2008,9,15,0.0,8,1
2008,9,16,0.0,8,1
2008,9,17,0.0,8,1
2008,9,18,0.0,8,1
2008,9,19,0.0,8,1
2008,9,20,0.0,8,1
2008,9,21,0.5,8,1
2008,9,22,0.0,8,1
2008,9,23,2.0,8,1
2008,9,24,0.0,8,1
2008,9,25,0.0,5,1
2008,9,26,,1,1
2008,9,27,,1,1
2008,9,28,0.0,4,1
2008,9,29,0.0,8,1
2008,9,30,0.0,8,1
2008,10,1,0.5,8,1
2008,10,2,0.0,8,1
2008,10,3,0.0,8,1
2008,10,4,12.5,8,1
2008,10,5,0.0,8,1
2008,10,6,13.0,8,1
2008,10,7,0.5,8,1
2008,10,8,0.0,8,1
2008,10,9,0.5,8,1
2008,10,10,6.5,8,1
2008,10,11,15.0,8,1
2008,10,12,0.0,8,1
2008,10,13,0.0,8,1
2008,10,14,0.0,8,1
2008,10,15,0.0,8,1
2008,10,16,0.0,4,1
2008,10,17,0.0,4,1
2008,10,18,0.0,8,1
2008,10,19,0.0,8,1
2008,10,20,0.0,8,1
2008,10,21,0.0,8,1
2008,10,22,0.0,8,1
2008,10,23,0.0,8,1
2008,10,24,16.0,8,1
2008,10,25,1.0,8,1
2008,10,26,10.5,8,1
2008,10,27,0.5,8,1
2008,10,28,4.0,8,1
2008,10,29,4.0,8,1
2008,10,30,0.0,8,1
2008,10,31,17.0,8,1
2008,11,1,0.5,8,1
2008,11,2,7.0,8,1
2008,11,3,10.5,8,1
2008,11,4,0.5,8,1
2008,11,5,3.5,8,1
2008,11,6,38.0,8,1
2008,11,7,17.5,8,1
2008,11,8,0.0,8,1
2008,11,9,0.5,8,1
2008,11,10,0.0,8,1
2008,11,11,0.0,8,1
2008,11,12,0.0,8,1
2008,11,13,0.0,8,1
2008,11,14,0.0,8,1
2008,11,15,0.0,5,1
2008,11,16,5.5,8,1
2008,11,17,0.5,5,1
2008,11,18,23.5,8,1
2008,11,19,8.5,8,1
2008,11,20,2.5,8,1
2008,11,21,19.0,8,1
2008,11,22,5.0,8,1
2008,11,23,0.0,8,1
2008,11,24,0.0,8,1
2008,11,25,0.0,8,1
2008,11,26,0.0,8,1
2008,11,27,6.5,8,1
2008,11,28,19.5,8,1
2008,11,29,21.0,8,1
2008,11,30,15.5,8,1
2008,12,1,0.0,8,1
2008,12,2,14.5,8,1
2008,12,3,1.0,8,1
2008,12,4,0.0,8,1
2008,12,5,24.5,8,1
2008,12,6,14.0,8,1
2008,12,7,0.0,8,1
2008,12,8,17.0,8,1
2008,12,9,20.0,8,1
2008,12,10,0.0,8,1
2008,12,11,18.5,8,1
2008,12,12,0.5,8,1
2008,12,13,1.0,8,1
2008,12,14,0.0,8,1
2008,12,15,1.5,8,1
2008,12,16,0.0,8,1
2008,12,17,0.0,8,1
2008,12,18,5.5,8,1
2008,12,19,0.0,8,1
2008,12,20,38.5,8,1
2008,12,21,12.0,8,1
2008,12,22,7.5,8,1
2008,12,23,0.0,8,1
2008,12,24,0.5,8,1
2008,12,25,18.5,8,1
2008,12,26,1.0,8,1
2008,12,27,0.0,8,1
2008,12,28,0.0,8,1
2008,12,29,0.0,8,1
2008,12,30,2.5,8,1
2008,12,31,1.5,8,1
2009,1,1,8.0,8,1
2009,1,2,4.5,8,1
2009,1,3,1.0,8,1
2009,1,4,0.0,8,1
2009,1,5,0.0,8,1
2009,1,6,2.5,8,1
2009,1,7,0.5,8,1
2009,1,8,0.0,8,1
2009,1,9,1.0,8,1
2009,1,10,6.5,8,1
2009,1,11,0.0,8,1
2009,1,12,7.5,8,1
2009,1,13,3.0,8,1
2009,1,14,9.0,8,1
2009,1,15,1.0,8,1
2009,1,16,1.0,8,1
2009,1,17,2.0,8,1
2009,1,18,0.0,8,1
2009,1,19,17.0,5,1
2009,1,20,1.0,8,1
2009,1,21,0.0,8,1
2009,1,22,0.0,8,1
2009,1,23,3.5,8,1
2009,1,24,1.0,8,1
2009,1,25,11.5,8,1
2009,1,26,4.5,8,1
2009,1,27,1.0,8,1
2009,1,28,0.0,5,1
2009,1,29,0.0,8,1
2009,1,30,2.5,8,1
2009,1,31,5.0,8,1
2009,2,1,0.0,8,1
2009,2,2,6.5,8,1
2009,2,3,2.5,8,1
2009,2,4,0.0,8,1
2009,2,5,7.5,8,1
2009,2,6,0.5,8,1
2009,2,7,8.0,8,1
2009,2,8,0.0,8,1
2009,2,9,2.5,8,1
2009,2,10,7.0,8,1
2009,2,11,0.5,8,1
2009,2,12,1.0,8,1
2009,2,13,23.5,8,1
2009,2,14,29.5,8,1
2009,2,15,6.5,8,1
2009,2,16,1.5,8,1
2009,2,17,2.0,8,1
2009,2,18,6.0,8,1
2009,2,19,0.0,8,1
2009,2,20,12.5,8,1
2009,2,21,0.5,8,1
2009,2,22,7.5,8,1
2009,2,23,0.0,8,1
2009,2,24,0.0,8,1
2009,2,25,9.5,8,1
2009,2,26,0.0,8,1
2009,2,27,0.0,8,1
2009,2,28,0.0,8,1
2009,3,1,0.5,8,1
2009,3,2,0.0,8,1
2009,3,3,0.5,8,1
2009,3,4,0.0,8,1
2009,3,5,0.0,8,1
2009,3,6,21.0,8,1
2009,3,7,0.5,8,1
2009,3,8,0.0,8,1
2009,3,9,0.0,8,1
2009,3,10,0.0,8,1
2009,3,11,0.0,8,1
2009,3,12,0.5,8,1
2009,3,13,5.0,8,1
2009,3,14,29.5,8,1
2009,3,15,0.0,8,1
2009,3,16,19.0,8,1
2009,3,17,4.0,8,1
2009,3,18,0.0,8,1
2009,3,19,6.5,8,1
2009,3,20,1.5,8,1
2009,3,21,0.0,8,1
2009,3,22,21.5,8,1
2009,3,23,1.5,8,1
2009,3,24,1.0,8,1
2009,3,25,1.5,8,1
2009,3,26,1.0,5,1
2009,3,27,0.5,8,1
2009,3,28,2.0,8,1
2009,3,29,0.0,8,1
2009,3,30,0.0,8,1
2009,3,31,2.0,8,1
2009,4,1,0.0,8,1
2009,4,2,0.0,8,1
2009,4,3,0.0,8,1
2009,4,4,1.5,8,1
2009,4,5,0.0,8,1
2009,4,6,0.0,8,1
2009,4,7,0.0,8,1
2009,4,8,0.0,8,1
2009,4,9,0.0,8,1
2009,4,10,0.0,8,1
2009,4,11,0.0,8,1
2009,4,12,0.0,8,1
2009,4,13,0.0,8,1
2009,4,14,3.0,8,1
2009,4,15,14.5,8,1
2009,4,16,1.5,8,1
2009,4,17,0.0,8,1
2009,4,18,0.0,8,1
2009,4,19,0.0,8,1
2009,4,20,0.0,8,1
2009,4,21,15.0,8,1
2009,4,22,23.0,8,1
2009,4,23,5.5,8,1
2009,4,24,0.0,8,1
2009,4,25,6.0,8,1
2009,4,26,15.0,8,1
2009,4,27,0.5,8,1
2009,4,28,0.0,8,1
2009,4,29,0.0,8,1
2009,4,30,0.0,8,1
2009,5,1,0.0,8,1
2009,5,2,0.0,8,1
2009,5,3,0.0,8,1
2009,5,4,0.0,8,1
2009,5,5,0.0,8,1
2009,5,6,0.0,8,1
2009,5,7,0.0,8,1
2009,5,8,0.0,8,1
2009,5,9,0.0,8,1
2009,5,10,4.0,8,1
2009,5,11,4.5,8,1
2009,5,12,21.5,8,1
2009,5,13,6.5,8,1
2009,5,14,3.5,8,1
2009,5,15,0.0,8,1
2009,5,16,0.0,8,1
2009,5,17,15.0,8,1
2009,5,18,10.5,8,1
2009,5,19,0.0,8,1
2009,5,20,0.0,8,1
2009,5,21,0.0,8,1
2009,5,22,9.0,8,1
2009,5,23,27.0,8,1
2009,5,24,0.5,8,1
2009,5,25,0.0,8,1
2009,5,26,0.0,8,1
2009,5,27,0.0,8,1
2009,5,28,0.0,8,1
2009,5,29,0.0,8,1
2009,5,30,0.0,8,1
2009,5,31,2.5,8,1
2009,6,1,2.0,8,1
2009,6,2,0.0,8,1
2009,6,3,1.0,8,1
2009,6,4,1.0,8,1
2009,6,5,5.5,8,1
2009,6,6,14.0,8,1
2009,6,7,3.0,8,1
2009,6,8,1.5,8,1
2009,6,9,0.5,8,1
2009,6,10,0.0,8,1
2009,6,11,42.5,8,1
2009,6,12,0.5,8,1
2009,6,13,0.0,8,1
2009,6,14,0.0,8,1
2009,6,15,0.0,8,1
2009,6,16,0.0,8,1
2009,6,17,0.0,8,1
2009,6,18,0.0,8,1
2009,6,19,0.0,8,1
2009,6,20,0.0,8,1
2009,6,21,4.0,8,1
2009,6,22,4.5,8,1
2009,6,23,9.5,8,1
2009,6,24,0.0,8,1
2009,6,25,0.0,8,1
2009,6,26,0.0,8,1
2009,6,27,0.0,8,1
2009,6,28,0.0,8,1
2009,6,29,0.0,8,1
2009,6,30,0.0,8,1
2009,7,1,0.0,8,1
2009,7,2,0.5,8,1
2009,7,3,0.0,8,1
2009,7,4,2.0,8,1
2009,7,5,0.5,8,1
2009,7,6,0.0,8,1
2009,7,7,0.0,8,1
2009,7,8,39.5,8,1
2009,7,9,32.5,8,1
2009,7,10,30.5,8,1
2009,7,11,0.0,8,1
2009,7,12,1.0,8,1
2009,7,13,47.5,8,1
2009,7,14,7.5,8,1
2009,7,15,7.0,8,1
2009,7,16,0.0,8,1
2009,7,17,0.0,8,1
2009,7,18,95.0,8,1
2009,7,19,68.0,8,1
2009,7,20,0.5,8,1
2009,7,21,29.5,8,1
2009,7,22,7.0,8,1
2009,7,23,0.0,8,1
2009,7,24,0.0,8,1
2009,7,25,8.5,8,1
2009,7,26,0.0,8,1
2009,7,27,7.5,8,1
2009,7,28,1.5,8,1
2009,7,29,36.0,8,1
2009,7,30,2.5,8,1
2009,7,31,0.0,8,1
2009,8,1,0.0,8,1
2009,8,2,0.0,8,1
2009,8,3,5.0,8,1
2009,8,4,0.0,8,1
2009,8,5,2.0,8,1
2009,8,6,0.0,8,1
2009,8,7,0.0,8,1
2009,8,8,0.0,8,1
2009,8,9,3.0,8,1
2009,8,10,20.5,8,1
2009,8,11,0.0,8,1
2009,8,12,10.5,8,1
2009,8,13,55.0,8,1
2009,8,14,0.5,8,1
2009,8,15,0.0,8,1
2009,8,16,0.0,8,1
2009,8,17,0.0,8,1
2009,8,18,0.0,8,1
2009,8,19,0.5,8,1
2009,8,20,0.0,8,1
2009,8,21,16.0,8,1
2009,8,22,0.0,8,1
2009,8,23,0.5,8,1
2009,8,24,0.0,8,1
2009,8,25,0.0,8,1
2009,8,26,0.0,8,1
2009,8,27,0.0,8,1
2009,8,28,31.5,8,1
2009,8,29,5.5,8,1
2009,8,30,0.0,8,1
2009,8,31,0.0,8,1
2009,9,1,1.0,8,1
2009,9,2,0.0,8,1
2009,9,3,0.0,8,1
2009,9,4,0.0,8,1
2009,9,5,0.0,8,1
2009,9,6,0.0,8,1
2009,9,7,0.0,5,1
2009,9,8,6.0,4,1
2009,9,9,10.0,4,1
2009,9,10,3.5,8,1
2009,9,11,0.0,8,1
2009,9,12,0.0,8,1
2009,9,13,17.0,8,1
2009,9,14,0.0,8,1
2009,9,15,13.5,8,1
2009,9,16,3.5,8,1
2009,9,17,0.0,8,1
2009,9,18,0.0,8,1
2009,9,19,0.0,8,1
2009,9,20,0.0,8,1
2009,9,21,0.0,8,1
2009,9,22,0.0,8,1
2009,9,23,4.5,8,1
2009,9,24,0.0,8,1
2009,9,25,0.0,8,1
2009,9,26,0.0,8,1
2009,9,27,0.0,8,1
2009,9,28,14.0,8,1
2009,9,29,0.5,8,1
2009,9,30,0.0,8,1
2009,10,1,0.0,8,1
2009,10,2,12.0,8,1
2009,10,3,3.0,8,1
2009,10,4,11.5,8,1
2009,10,5,0.0,5,1
2009,10,6,0.0,4,1
2009,10,7,0.0,5,1
2009,10,8,31.5,8,1
2009,10,9,0.5,8,1
2009,10,10,3.0,8,1
2009,10,11,0.0,8,1
2009,10,12,0.0,8,1
2009,10,13,9.5,8,1
2009,10,14,0.0,8,1
2009,10,15,0.0,8,1
2009,10,16,6.0,8,1
2009,10,17,6.5,8,1
2009,10,18,13.0,8,1
2009,10,19,5.5,8,1
2009,10,20,25.0,8,1
2009,10,21,3.0,8,1
2009,10,22,0.0,8,1
2009,10,23,0.0,8,1
2009,10,24,0.0,8,1
2009,10,25,0.0,8,1
2009,10,26,1.5,8,1
2009,10,27,1.5,8,1
2009,10,28,0.0,8,1
2009,10,29,0.0,8,1
2009,10,30,8.5,8,1
2009,10,31,0.0,8,1
2009,11,1,18.5,8,1
2009,11,2,0.5,8,1
2009,11,3,2.5,8,1
2009,11,4,13.5,8,1
2009,11,5,4.5,8,1
2009,11,6,0.0,8,1
2009,11,7,0.0,8,1
2009,11,8,0.0,8,1
2009,11,9,3.0,8,1
2009,11,10,1.0,8,1
2009,11,11,1.5,8,1
2009,11,12,0.0,8,1
2009,11,13,0.0,8,1
2009,11,14,9.0,8,1
2009,11,15,20.0,8,1
2009,11,16,1.5,8,1
2009,11,17,4.5,8,1
2009,11,18,1.0,8,1
2009,11,19,1.5,8,1
2009,11,20,0.0,8,1
2009,11,21,1.5,8,1
2009,11,22,0.0,8,1
2009,11,23,5.0,8,1
2009,11,24,0.0,8,1
2009,11,25,0.0,8,1
2009,11,26,0.0,8,1
2009,11,27,9.0,8,1
2009,11,28,0.0,8,1
2009,11,29,0.0,8,1
2009,11,30,0.0,8,1
2009,12,1,0.0,8,1
2009,12,2,0.0,8,1
2009,12,3,0.0,8,1
2009,12,4,0.0,8,1
2009,12,5,0.5,8,1
2009,12,6,19.5,8,1
2009,12,7,4.5,8,1
2009,12,8,0.0,8,1
2009,12,9,5.0,8,1
2009,12,10,0.0,8,1
2009,12,11,0.5,8,1
2009,12,12,6.0,8,1
2009,12,13,0.0,8,1
2009,12,14,2.5,8,1
2009,12,15,0.0,8,1
2009,12,16,3.5,5,1
2009,12,17,2.0,8,1
2009,12,18,4.5,8,1
2009,12,19,1.0,8,1
2009,12,20,6.0,8,1
2009,12,21,1.5,8,1
2009,12,22,2.0,8,1
2009,12,23,2.5,8,1
2009,12,24,0.5,8,1
2009,12,25,0.0,8,1
2009,12,26,6.5,8,1
2009,12,27,2.0,8,1
2009,12,28,9.5,8,1
2009,12,29,0.0,8,1
2009,12,30,22.5,8,1
2009,12,31,1.0,8,1
2010,1,1,0.0,5,1
2010,1,2,0.5,8,1
2010,1,3,4.5,8,1
2010,1,4,1.0,8,1
2010,1,5,12.0,8,1
2010,1,6,12.5,8,1
2010,1,7,0.0,8,1
2010,1,8,0.0,8,1
2010,1,9,0.0,8,1
2010,1,10,0.0,8,1
2010,1,11,1.0,8,1
2010,1,12,0.0,8,1
2010,1,13,4.5,8,1
2010,1,14,1.5,8,1
2010,1,15,1.5,8,1
2010,1,16,1.0,8,1
2010,1,17,1.5,8,1
2010,1,18,1.5,8,1
2010,1,19,1.5,8,1
2010,1,20,13.5,8,1
2010,1,21,4.0,8,1
2010,1,22,0.5,8,1
2010,1,23,0.0,8,1
2010,1,24,2.0,8,1
2010,1,25,12.0,8,1
2010,1,26,0.0,8,1
2010,1,27,1.0,8,1
2010,1,28,18.5,8,1
2010,1,29,0.5,8,1
2010,1,30,0.0,8,1
2010,1,31,5.5,8,1
2010,2,1,0.0,8,1
2010,2,2,0.5,8,1
2010,2,3,2.5,8,1
2010,2,4,3.5,8,1
2010,2,5,2.5,8,1
2010,2,6,6.0,8,1
2010,2,7,0.0,8,1
2010,2,8,0.5,8,1
2010,2,9,7.0,8,1
2010,2,10,0.0,5,1
2010,2,11,0.0,5,1
2010,2,12,0.0,8,1
2010,2,13,0.0,8,1
2010,2,14,0.0,8,1
2010,2,15,1.0,8,1
2010,2,16,0.0,8,1
2010,2,17,0.0,8,1
2010,2,18,2.0,8,1
2010,2,19,0.0,8,1
2010,2,20,1.0,8,1
2010,2,21,0.0,8,1
2010,2,22,6.0,8,1
2010,2,23,0.0,8,1
2010,2,24,0.0,8,1
2010,2,25,0.0,8,1
2010,2,26,16.5,8,1
2010,2,27,0.0,8,1
2010,2,28,0.5,8,1
2010,3,1,3.0,8,1
2010,3,2,0.0,8,1
2010,3,3,1.5,8,1
2010,3,4,4.0,8,1
2010,3,5,8.0,8,1
2010,3,6,0.0,8,1
2010,3,7,0.0,8,1
2010,3,8,0.0,8,1
2010,3,9,0.5,8,1
2010,3,10,8.5,5,1
2010,3,11,0.0,8,1
2010,3,12,0.0,8,1
2010,3,13,10.5,8,1
2010,3,14,0.0,8,1
2010,3,15,12.0,8,1
2010,3,16,10.5,8,1
2010,3,17,0.0,8,1
2010,3,18,0.0,8,1
2010,3,19,2.0,8,1
2010,3,20,14.0,8,1
2010,3,21,30.5,8,1
2010,3,22,0.0,8,1
2010,3,23,4.5,8,1
2010,3,24,0.0,8,1
2010,3,25,6.0,8,1
2010,3,26,0.5,8,1
2010,3,27,1.0,8,1
2010,3,28,0.0,8,1
2010,3,29,0.0,8,1
2010,3,30,0.0,8,1
2010,3,31,0.0,8,1
2010,4,1,26.5,8,1
2010,4,2,15.5,8,1
2010,4,3,3.0,8,1
2010,4,4,0.0,8,1
2010,4,5,0.0,8,1
2010,4,6,4.0,8,1
2010,4,7,1.5,8,1
2010,4,8,0.0,8,1
2010,4,9,0.0,8,1
2010,4,10,0.5,8,1
2010,4,11,13.0,8,1
2010,4,12,0.0,8,1
2010,4,13,16.5,8,1
2010,4,14,1.0,8,1
2010,4,15,0.0,8,1
2010,4,16,0.0,8,1
2010,4,17,0.5,8,1
2010,4,18,1.0,8,1
2010,4,19,2.5,8,1
2010,4,20,0.0,8,1
2010,4,21,1.5,8,1
2010,4,22,0.5,8,1
2010,4,23,2.0,8,1
2010,4,24,0.0,8,1
2010,4,25,4.5,8,1
2010,4,26,0.0,8,1
2010,4,27,0.0,8,1
2010,4,28,7.5,8,1
2010,4,29,7.0,8,1
2010,4,30,9.5,8,1
2010,5,1,0.0,8,1
2010,5,2,0.0,8,1
2010,5,3,0.0,8,1
2010,5,4,0.0,8,1
2010,5,5,0.0,8,1
2010,5,6,0.0,8,1
2010,5,7,22.5,8,1
2010,5,8,0.0,8,1
2010,5,9,0.0,8,1
2010,5,10,0.0,8,1
2010,5,11,17.0,8,1
2010,5,12,9.5,8,1
2010,5,13,3.5,8,1
2010,5,14,3.5,8,1
2010,5,15,0.0,8,1
2010,5,16,0.0,8,1
2010,5,17,0.0,8,1
2010,5,18,0.0,8,1
2010,5,19,1.0,8,1
2010,5,20,8.0,8,1
2010,5,21,0.0,8,1
2010,5,22,0.0,8,1
2010,5,23,0.0,8,1
2010,5,24,23.5,8,1
2010,5,25,11.0,8,1
2010,5,26,4.5,8,1
2010,5,27,0.5,8,1
2010,5,28,4.0,8,1
2010,5,29,0.0,8,1
2010,5,30,0.0,8,1
2010,5,31,0.0,8,1
2010,6,1,0.0,8,1
2010,6,2,0.0,8,1
2010,6,3,0.0,8,1
2010,6,4,0.0,8,1
2010,6,5,0.0,8,1
2010,6,6,0.0,8,1
2010,6,7,0.0,8,1
2010,6,8,0.0,8,1
2010,6,9,0.0,8,1
2010,6,10,0.5,8,1
2010,6,11,0.0,8,1
2010,6,12,0.0,8,1
2010,6,13,0.0,8,1
2010,6,14,0.0,8,1
2010,6,15,0.5,8,1
2010,6,16,32.0,8,1
2010,6,17,1.5,8,1
2010,6,18,0.0,8,1
2010,6,19,0.0,8,1
2010,6,20,0.5,8,1
2010,6,21,3.0,8,1
2010,6,22,0.0,8,1
2010,6,23,11.5,8,1
2010,6,24,12.0,8,1
2010,6,25,0.0,8,1
2010,6,26,0.0,8,1
2010,6,27,9.5,8,1
2010,6,28,12.5,8,1
2010,6,29,1.0,8,1
2010,6,30,2.0,8,1
2010,7,1,4.5,5,1
2010,7,2,0.0,8,1
2010,7,3,5.0,8,1
2010,7,4,0.0,8,1
2010,7,5,5.0,8,1
2010,7,6,0.0,8,1
2010,7,7,0.0,8,1
2010,7,8,4.0,8,1
2010,7,9,0.0,8,1
2010,7,10,33.5,8,1
2010,7,11,30.0,8,1
2010,7,12,16.0,8,1
2010,7,13,0.0,8,1
2010,7,14,5.0,8,1
2010,7,15,5.0,8,1
2010,7,16,2.0,8,1
2010,7,17,0.0,8,1
2010,7,18,0.0,8,1
2010,7,19,0.0,8,1
2010,7,20,1.5,8,1
2010,7,21,0.0,8,1
2010,7,22,0.0,8,1
2010,7,23,3.5,8,1
2010,7,24,21.0,8,1
2010,7,25,0.0,8,1
2010,7,26,0.0,8,1
2010,7,27,20.5,8,1
2010,7,28,0.0,8,1
2010,7,29,66.5,8,1
2010,7,30,69.5,8,1
2010,7,31,29.5,8,1
2010,8,1,5.0,8,1
2010,8,2,0.5,8,1
2010,8,3,2.0,8,1
2010,8,4,0.0,8,1
2010,8,5,0.0,8,1
2010,8,6,0.0,8,1
2010,8,7,0.0,8,1
2010,8,8,1.5,8,1
2010,8,9,16.0,8,1
2010,8,10,0.0,8,1
2010,8,11,0.0,8,1
2010,8,12,43.0,8,1
2010,8,13,0.0,8,1
2010,8,14,15.5,8,1
2010,8,15,6.5,8,1
2010,8,16,14.5,8,1
2010,8,17,0.0,8,1
2010,8,18,0.0,8,1
2010,8,19,0.0,8,1
2010,8,20,0.0,8,1
2010,8,21,0.0,8,1
2010,8,22,1.0,8,1
2010,8,23,0.0,8,1
2010,8,24,8.0,8,1
2010,8,25,0.0,8,1
2010,8,26,0.0,8,1
2010,8,27,0.0,8,1
2010,8,28,0.0,8,1
2010,8,29,0.0,8,1
2010,8,30,0.0,8,1
2010,8,31,112.5,8,1
2010,9,1,0.0,8,1
2010,9,2,0.0,4,1
2010,9,3,7.0,4,1
2010,9,4,0.0,8,1
2010,9,5,0.0,8,1
2010,9,6,2.0,8,1
2010,9,7,24.5,8,1
2010,9,8,0.0,8,1
2010,9,9,0.0,8,1
2010,9,10,0.0,8,1
2010,9,11,56.5,8,1
2010,9,12,5.0,8,1
2010,9,13,12.0,8,1
2010,9,14,0.0,8,1
2010,9,15,0.0,8,1
2010,9,16,2.5,8,1
2010,9,17,4.5,8,1
2010,9,18,0.0,8,1
2010,9,19,12.0,8,1
2010,9,20,20.0,8,1
2010,9,21,4.0,8,1
2010,9,22,10.5,8,1
2010,9,23,2.0,8,1
2010,9,24,0.5,8,1
2010,9,25,1.0,8,1
2010,9,26,0.0,8,1
2010,9,27,0.0,8,1
2010,9,28,14.5,8,1
2010,9,29,0.5,8,1
2010,9,30,0.0,8,1
2010,10,1,0.0,8,1
2010,10,2,0.0,8,1
2010,10,3,18.5,8,1
2010,10,4,13.0,8,1
2010,10,5,3.0,8,1
2010,10,6,0.0,8,1
2010,10,7,0.0,8,1
2010,10,8,0.0,8,1
2010,10,9,5.5,8,1
2010,10,10,22.5,8,1
2010,10,11,0.0,8,1
2010,10,12,0.0,8,1
2010,10,13,0.5,8,1
2010,10,14,0.0,8,1
2010,10,15,5.5,8,1
2010,10,16,2.0,8,1
2010,10,17,14.0,8,1
2010,10,18,0.0,8,1
2010,10,19,0.0,8,1
2010,10,20,0.0,8,1
2010,10,21,1.5,8,1
2010,10,22,0.0,8,1
2010,10,23,0.0,8,1
2010,10,24,0.0,8,1
2010,10,25,1.5,4,1
2010,10,26,3.0,8,1
2010,10,27,1.0,8,1
2010,10,28,0.0,8,1
2010,10,29,0.0,8,1
2010,10,30,0.0,8,1
2010,10,31,0.0,8,1
2010,11,1,24.5,8,1
2010,11,2,29.5,8,1
2010,11,3,19.0,8,1
2010,11,4,1.5,8,1
2010,11,5,0.0,8,1
2010,11,6,0.0,8,1
2010,11,7,1.0,8,1
2010,11,8,8.5,8,1
2010,11,9,33.0,8,1
2010,11,10,19.5,8,1
2010,11,11,0.0,8,1
2010,11,12,22.5,8,1
2010,11,13,0.0,8,1
2010,11,14,0.0,8,1
2010,11,15,3.5,8,1
2010,11,16,0.5,8,1
2010,11,17,0.0,8,1
2010,11,18,0.0,8,1
2010,11,19,0.0,8,1
2010,11,20,0.0,8,1
2010,11,21,0.0,8,1
2010,11,22,7.5,8,1
2010,11,23,1.5,8,1
2010,11,24,0.0,8,1
2010,11,25,0.0,8,1
2010,11,26,9.0,8,1
2010,11,27,0.0,8,1
2010,11,28,24.5,8,1
2010,11,29,5.5,8,1
2010,11,30,17.0,8,1
2010,12,1,0.5,8,1
2010,12,2,2.0,8,1
2010,12,3,22.5,8,1
2010,12,4,14.5,8,1
2010,12,5,2.0,8,1
2010,12,6,22.0,8,1
2010,12,7,17.5,8,1
2010,12,8,0.0,8,1
2010,12,9,0.0,8,1
2010,12,10,0.5,8,1
2010,12,11,15.5,8,1
2010,12,12,0.5,8,1
2010,12,13,10.5,8,1
2010,12,14,5.5,8,1
2010,12,15,2.0,8,1
2010,12,16,1.0,8,1
2010,12,17,3.0,8,1
2010,12,18,9.0,8,1
2010,12,19,0.0,8,1
2010,12,20,8.5,8,1
2010,12,21,0.0,8,1
2010,12,22,5.0,8,1
2010,12,23,3.5,8,1
2010,12,24,0.5,8,1
2010,12,25,1.0,8,1
2010,12,26,1.5,8,1
2010,12,27,1.0,8,1
2010,12,28,2.5,8,1
2010,12,29,1.5,8,1
2010,12,30,0.0,8,1
2010,12,31,25.0,8,1
2011,1,1,0.0,8,1
2011,1,2,0.0,8,1
2011,1,3,0.5,8,1
2011,1,4,0.0,8,1
2011,1,5,6.0,8,1
2011,1,6,0.0,8,1
2011,1,7,0.5,8,1
2011,1,8,3.0,8,1
2011,1,9,0.5,8,1
2011,1,10,0.0,8,1
2011,1,11,0.5,8,1
2011,1,12,3.5,8,1
2011,1,13,0.5,8,1
2011,1,14,2.0,8,1
2011,1,15,1.5,8,1
2011,1,16,2.0,8,1
2011,1,17,4.0,8,1
2011,1,18,6.0,8,1
2011,1,19,0.5,8,1
2011,1,20,0.0,8,1
2011,1,21,0.5,8,1
2011,1,22,0.0,8,1
2011,1,23,3.5,8,1
2011,1,24,4.0,8,1
2011,1,25,2.0,8,1
2011,1,26,0.0,8,1
2011,1,27,1.0,8,1
2011,1,28,1.5,8,1
2011,1,29,0.5,8,1
2011,1,30,2.0,8,1
2011,1,31,1.0,8,1
2011,2,1,0.5,8,1
2011,2,2,0.0,8,1
2011,2,3,0.5,8,1
2011,2,4,1.5,8,1
2011,2,5,0.0,8,1
2011,2,6,4.0,8,1
2011,2,7,3.0,8,1
2011,2,8,0.0,8,1
2011,2,9,2.5,8,1
2011,2,10,1.0,8,1
2011,2,11,5.0,8,1
2011,2,12,0.0,8,1
2011,2,13,0.0,8,1
2011,2,14,0.0,8,1
2011,2,15,0.0,8,1
2011,2,16,0.0,8,1
2011,2,17,3.5,8,1
2011,2,18,6.0,8,1
2011,2,19,0.0,8,1
2011,2,20,3.0,8,1
2011,2,21,0.0,8,1
2011,2,22,0.0,4,1
2011,2,23,0.0,8,1
2011,2,24,6.5,8,1
2011,2,25,7.0,8,1
2011,2,26,0.0,8,1
2011,2,27,0.5,8,1
2011,2,28,0.0,8,1
2011,3,1,4.5,8,1
2011,3,2,0.0,8,1
2011,3,3,0.5,8,1
2011,3,4,1.5,8,1
2011,3,5,0.0,8,1
2011,3,6,13.0,8,1
2011,3,7,0.0,8,1
2011,3,8,3.5,8,1
2011,3,9,0.5,8,1
2011,3,10,0.5,8,1
2011,3,11,0.5,4,1
2011,3,12,,0,1
2011,3,13,,0,1
2011,3,14,,0,1
2011,3,15,,0,1
2011,3,16,,0,1
2011,3,17,,0,1
2011,3,18,,0,1
2011,3,19,,0,1
2011,3,20,,0,1
2011,3,21,,0,1
2011,3,22,,0,1
2011,3,23,,0,1
2011,3,24,,0,1
2011,3,25,,0,1
2011,3,26,,0,1
2011,3,27,,0,1
2011,3,28,,0,1
2011,3,29,,0,1
2011,3,30,6.5,4,1
2011,3,31,2.5,8,1
2011,4,1,0.0,8,1
2011,4,2,1.0,8,1
2011,4,3,0.0,5,1
2011,4,4,0.0,8,1
2011,4,5,0.0,8,1
2011,4,6,0.0,8,1
2011,4,7,1.5,8,1
2011,4,8,46.5,8,1
2011,4,9,2.5,8,1
2011,4,10,0.0,8,1
2011,4,11,1.0,8,1
2011,4,12,0.0,8,1
2011,4,13,0.0,8,1
2011,4,14,0.0,5,1
2011,4,15,5.5,5,1
2011,4,16,15.0,8,1
2011,4,17,0.0,8,1
2011,4,18,0.0,8,1
2011,4,19,11.0,8,1
2011,4,20,1.0,8,1
2011,4,21,0.5,8,1
2011,4,22,0.0,8,1
2011,4,23,21.5,8,1
2011,4,24,13.0,8,1
2011,4,25,2.5,8,1
2011,4,26,0.0,5,1
2011,4,27,14.5,8,1
2011,4,28,18.5,8,1
2011,4,29,0.5,8,1
2011,4,30,21.5,8,1
2011,5,1,32.5,8,1
2011,5,2,6.5,8,1
2011,5,3,0.0,8,1
2011,5,4,0.0,8,1
2011,5,5,0.0,8,1
2011,5,6,0.0,8,1
2011,5,7,18.0,8,1
2011,5,8,2.5,8,1
2011,5,9,4.0,8,1
2011,5,10,14.5,8,1
2011,5,11,0.0,8,1
2011,5,12,8.5,8,1
2011,5,13,20.5,8,1
2011,5,14,0.5,8,1
2011,5,15,0.5,8,1
2011,5,16,0.0,8,1
2011,5,17,0.0,8,1
2011,5,18,0.0,8,1
2011,5,19,0.0,8,1
2011,5,20,1.0,5,1
2011,5,21,15.0,5,1
2011,5,22,3.5,8,1
2011,5,23,0.0,8,1
2011,5,24,0.0,8,1
2011,5,25,0.0,8,1
2011,5,26,0.0,8,1
2011,5,27,0.0,5,1
2011,5,28,1.0,5,1
2011,5,29,0.5,8,1
2011,5,30,1.0,8,1
2011,5,31,0.0,8,1
2011,6,1,0.0,8,1
2011,6,2,0.0,8,1
2011,6,3,2.0,8,1
2011,6,4,0.5,8,1
2011,6,5,0.0,8,1
2011,6,6,0.0,5,1
2011,6,7,0.0,4,1
2011,6,8,0.0,8,1
2011,6,9,1.0,8,1
2011,6,10,0.0,8,1
2011,6,11,0.0,8,1
2011,6,12,0.0,8,1
2011,6,13,0.0,8,1
2011,6,14,0.0,8,1
2011,6,15,0.0,8,1
2011,6,16,0.0,8,1
2011,6,17,0.0,8,1
2011,6,18,0.0,8,1
2011,6,19,0.0,8,1
2011,6,20,0.0,8,1
2011,6,21,6.5,8,1
2011,6,22,0.5,8,1
2011,6,23,41.5,8,1
2011,6,24,54.5,8,1
2011,6,25,0.0,8,1
2011,6,26,0.0,8,1
2011,6,27,57.5,8,1
2011,6,28,13.5,8,1
2011,6,29,0.0,8,1
2011,6,30,45.0,8,1
2011,7,1,0.0,8,1
2011,7,2,0.0,8,1
2011,7,3,0.0,8,1
2011,7,4,16.0,5,1
2011,7,5,0.0,5,1
2011,7,6,0.0,5,1
2011,7,7,7.5,8,1
2011,7,8,21.5,8,1
2011,7,9,0.5,8,1
2011,7,10,0.0,8,1
2011,7,11,0.0,8,1
2011,7,12,0.0,8,1
2011,7,13,0.0,8,1
2011,7,14,13.5,8,1
2011,7,15,2.5,8,1
2011,7,16,0.0,8,1
2011,7,17,0.0,8,1
2011,7,18,0.0,8,1
2011,7,19,0.0,8,1
2011,7,20,0.0,8,1
2011,7,21,0.0,8,1
2011,7,22,0.0,8,1
2011,7,23,0.0,8,1
2011,7,24,0.0,8,1
2011,7,25,0.0,8,1
2011,7,26,0.0,8,1
2011,7,27,37.0,8,1
2011,7,28,24.0,8,1
2011,7,29,19.5,8,1
2011,7,30,0.0,8,1
2011,7,31,0.0,8,1
2011,8,1,0.0,8,1
2011,8,2,0.0,8,1
2011,8,3,0.0,8,1
2011,8,4,0.0,8,1
2011,8,5,0.0,8,1
2011,8,6,0.0,8,1
2011,8,7,0.0,8,1
2011,8,8,0.0,8,1
2011,8,9,0.0,8,1
2011,8,10,28.5,8,1
2011,8,11,3.5,8,1
2011,8,12,0.0,8,1
2011,8,13,4.0,8,1
2011,8,14,0.0,8,1
2011,8,15,15.5,8,1
2011,8,16,17.5,8,1
2011,8,17,100.0,8,1
2011,8,18,20.0,8,1
2011,8,19,1.5,8,1
2011,8,20,0.0,8,1
2011,8,21,0.0,8,1
2011,8,22,0.0,8,1
2011,8,23,30.5,8,1
2011,8,24,5.5,8,1
2011,8,25,11.5,8,1
2011,8,26,0.0,8,1
2011,8,27,0.0,8,1
2011,8,28,0.0,8,1
2011,8,29,0.0,8,1
2011,8,30,0.0,8,1
2011,8,31,6.5,8,1
2011,9,1,0.0,8,1
2011,9,2,0.0,8,1
2011,9,3,0.0,8,1
2011,9,4,0.0,8,1
2011,9,5,1.0,8,1
2011,9,6,0.0,8,1
2011,9,7,0.5,8,1
2011,9,8,0.0,8,1
2011,9,9,0.0,8,1
2011,9,10,6.0,8,1
2011,9,11,0.0,8,1
2011,9,12,60.5,8,1
2011,9,13,68.5,8,1
2011,9,14,0.0,8,1
2011,9,15,0.0,8,1
2011,9,16,0.0,8,1
2011,9,17,34.0,8,1
2011,9,18,61.0,8,1
2011,9,19,19.0,8,1
2011,9,20,25.0,8,1
2011,9,21,57.0,8,1
2011,9,22,3.0,8,1
2011,9,23,2.5,8,1
2011,9,24,1.0,8,1
2011,9,25,0.0,8,1
2011,9,26,0.0,4,1
2011,9,27,0.0,4,1
2011,9,28,0.0,8,1
2011,9,29,0.0,8,1
2011,9,30,16.5,8,1
2011,10,1,0.0,8,1
2011,10,2,20.0,8,1
2011,10,3,10.0,8,1
2011,10,4,0.5,8,1
2011,10,5,0.0,8,1
2011,10,6,28.0,8,1
2011,10,7,22.0,8,1
2011,10,8,0.0,8,1
2011,10,9,0.0,8,1
2011,10,10,6.0,8,1
2011,10,11,0.0,8,1
2011,10,12,3.5,8,1
2011,10,13,0.0,8,1
2011,10,14,2.0,8,1
2011,10,15,22.5,8,1
2011,10,16,7.5,8,1
2011,10,17,16.0,8,1
2011,10,18,0.0,5,1
2011,10,19,0.0,8,1
2011,10,20,0.0,8,1
2011,10,21,0.0,8,1
2011,10,22,0.0,8,1
2011,10,23,15.5,8,1
2011,10,24,0.0,8,1
2011,10,25,13.5,8,1
2011,10,26,0.0,8,1
2011,10,27,0.0,5,1
2011,10,28,0.0,8,1
2011,10,29,0.0,8,1
2011,10,30,0.0,8,1
2011,10,31,0.0,8,1
2011,11,1,0.0,8,1
2011,11,2,4.5,8,1
2011,11,3,0.0,8,1
2011,11,4,0.0,8,1
2011,11,5,0.0,8,1
2011,11,6,0.0,8,1
2011,11,7,0.0,8,1
2011,11,8,0.0,8,1
2011,11,9,0.0,8,1
2011,11,10,0.0,8,1
2011,11,11,0.0,8,1
2011,11,12,3.5,8,1
2011,11,13,6.0,8,1
2011,11,14,0.5,8,1
2011,11,15,10.0,8,1
2011,11,16,6.5,8,1
2011,11,17,0.5,8,1
2011,11,18,0.0,8,1
2011,11,19,33.5,8,1
2011,11,20,4.5,8,1
2011,11,21,2.0,8,1
2011,11,22,3.5,8,1
2011,11,23,1.0,8,1
2011,11,24,28.5,8,1
2011,11,25,1.5,8,1
2011,11,26,0.5,8,1
2011,11,27,21.5,8,1
2011,11,28,1.5,8,1
2011,11,29,8.5,8,1
2011,11,30,0.0,8,1
2011,12,1,0.0,8,1
2011,12,2,0.0,8,1
2011,12,3,19.5,8,1
2011,12,4,18.5,8,1
2011,12,5,0.5,8,1
2011,12,6,0.0,8,1
2011,12,7,5.5,8,1
2011,12,8,0.0,8,1
2011,12,9,0.5,8,1
2011,12,10,0.0,8,1
2011,12,11,3.5,8,1
2011,12,12,6.5,8,1
2011,12,13,0.0,8,1
2011,12,14,6.0,8,1
2011,12,15,8.5,8,1
2011,12,16,2.5,8,1
2011,12,17,3.0,8,1
2011,12,18,2.5,8,1
2011,12,19,0.5,8,1
2011,12,20,3.0,8,1
2011,12,21,0.0,8,1
2011,12,22,14.5,8,1
2011,12,23,2.0,8,1
2011,12,24,0.0,8,1
2011,12,25,0.5,8,1
2011,12,26,4.0,8,1
2011,12,27,0.5,8,1
2011,12,28,1.0,4,1
2011,12,29,8.5,8,1
2011,12,30,2.5,8,1
2011,12,31,0.0,8,1
2012,1,1,0.0,8,1
2012,1,2,0.5,8,1
2012,1,3,1.5,8,1
2012,1,4,0.0,8,1
2012,1,5,1.0,8,1
2012,1,6,0.0,8,1
2012,1,7,6.0,8,1
2012,1,8,0.5,8,1
2012,1,9,0.0,8,1
2012,1,10,1.5,8,1
2012,1,11,1.0,5,1
2012,1,12,2.0,8,1
2012,1,13,5.5,8,1
2012,1,14,0.0,8,1
2012,1,15,0.5,8,1
2012,1,16,0.0,8,1
2012,1,17,0.5,8,1
2012,1,18,1.0,8,1
2012,1,19,0.0,8,1
2012,1,20,0.0,8,1
2012,1,21,0.0,8,1
2012,1,22,1.0,8,1
2012,1,23,0.5,8,1
2012,1,24,3.0,8,1
2012,1,25,11.5,8,1
2012,1,26,1.5,8,1
2012,1,27,1.5,8,1
2012,1,28,0.5,8,1
2012,1,29,2.5,8,1
2012,1,30,26.5,8,1
2012,1,31,0.0,8,1
2012,2,1,4.0,8,1
2012,2,2,0.0,8,1
2012,2,3,0.5,8,1
2012,2,4,0.0,8,1
2012,2,5,0.0,8,1
2012,2,6,0.0,8,1
2012,2,7,3.0,8,1
2012,2,8,0.0,8,1
2012,2,9,0.0,8,1
2012,2,10,0.5,8,1
2012,2,11,2.5,8,1
2012,2,12,0.0,8,1
2012,2,13,0.0,8,1
2012,2,14,0.5,8,1
2012,2,15,4.5,8,1
2012,2,16,0.0,8,1
2012,2,17,1.0,8,1
2012,2,18,2.0,8,1
2012,2,19,0.0,8,1
2012,2,20,0.5,8,1
2012,2,21,3.0,8,1
2012,2,22,0.0,8,1
2012,2,23,8.0,8,1
2012,2,24,0.0,8,1
2012,2,25,0.5,8,1
2012,2,26,1.0,8,1
2012,2,27,0.0,8,1
2012,2,28,0.5,8,1
2012,2,29,0.0,8,1
2012,3,1,0.0,8,1
2012,3,2,0.0,8,1
2012,3,3,0.0,8,1
2012,3,4,0.0,8,1
2012,3,5,5.0,8,1
2012,3,6,5.0,8,1
2012,3,7,6.0,8,1
2012,3,8,0.0,8,1
2012,3,9,0.0,8,1
2012,3,10,0.5,8,1
2012,3,11,9.5,8,1
2012,3,12,1.0,8,1
2012,3,13,1.0,8,1
2012,3,14,9.0,8,1
2012,3,15,5.0,8,1
2012,3,16,0.0,8,1
2012,3,17,1.0,8,1
2012,3,18,0.5,8,1
2012,3,19,0.5,8,1
2012,3,20,0.0,8,1
2012,3,21,0.0,8,1
2012,3,22,4.5,8,1
2012,3,23,7.0,8,1
2012,3,24,5.0,8,1
2012,3,25,1.0,8,1
2012,3,26,2.5,8,1
2012,3,27,10.0,8,1
2012,3,28,11.5,8,1
2012,3,29,0.0,8,1
2012,3,30,23.0,8,1
2012,3,31,39.5,8,1
2012,4,1,3.0,8,1
2012,4,2,0.5,8,1
2012,4,3,15.5,8,1
2012,4,4,11.5,8,1
2012,4,5,1.0,8,1
2012,4,6,2.5,8,1
2012,4,7,0.5,8,1
2012,4,8,0.0,8,1
2012,4,9,1.0,8,1
2012,4,10,0.0,8,1
2012,4,11,19.0,8,1
2012,4,12,0.0,8,1
2012,4,13,0.5,8,1
2012,4,14,0.0,8,1
2012,4,15,0.0,8,1
2012,4,16,0.0,8,1
2012,4,17,0.0,8,1
2012,4,18,0.0,8,1
2012,4,19,0.0,8,1
2012,4,20,0.0,8,1
2012,4,21,0.0,8,1
2012,4,22,0.0,8,1
2012,4,23,17.0,8,1
2012,4,24,1.0,8,1
2012,4,25,0.0,8,1
2012,4,26,9.5,8,1
2012,4,27,5.0,8,1
2012,4,28,0.0,8,1
2012,4,29,0.0,8,1
2012,4,30,0.0,8,1
2012,5,1,0.0,8,1
2012,5,2,0.0,8,1
2012,5,3,14.5,8,1
2012,5,4,8.5,8,1
2012,5,5,7.5,8,1
2012,5,6,3.0,8,1
2012,5,7,7.0,8,1
2012,5,8,0.0,8,1
2012,5,9,0.0,8,1
2012,5,10,0.0,8,1
2012,5,11,0.0,8,1
2012,5,12,3.5,8,1
2012,5,13,0.5,8,1
2012,5,14,0.0,8,1
2012,5,15,8.5,8,1
2012,5,16,5.0,8,1
2012,5,17,0.0,8,1
2012,5,18,0.0,8,1
2012,5,19,0.0,8,1
2012,5,20,0.0,8,1
2012,5,21,0.0,8,1
2012,5,22,0.0,8,1
2012,5,23,0.0,8,1
2012,5,24,0.0,8,1
2012,5,25,6.0,8,1
2012,5,26,2.0,8,1
2012,5,27,0.0,8,1
2012,5,28,0.0,8,1
2012,5,29,0.5,8,1
2012,5,30,0.0,8,1
2012,5,31,0.0,8,1
2012,6,1,0.0,8,1
2012,6,2,0.0,8,1
2012,6,3,0.0,8,1
2012,6,4,0.0,8,1
2012,6,5,0.0,8,1
2012,6,6,7.5,8,1
2012,6,7,0.0,8,1
2012,6,8,0.0,8,1
2012,6,9,1.5,8,1
2012,6,10,3.0,8,1
2012,6,11,0.0,8,1
2012,6,12,0.0,8,1
2012,6,13,0.0,8,1
2012,6,14,0.0,8,1
2012,6,15,0.0,8,1
2012,6,16,0.0,8,1
2012,6,17,8.0,8,1
2012,6,18,0.5,8,1
2012,6,19,7.0,8,1
2012,6,20,11.5,8,1
2012,6,21,3.0,8,1
2012,6,22,0.5,8,1
2012,6,23,2.5,8,1
2012,6,24,0.0,8,1
2012,6,25,0.0,8,1
2012,6,26,0.0,8,1
2012,6,27,0.0,8,1
2012,6,28,0.0,8,1
2012,6,29,0.0,8,1
2012,6,30,0.0,8,1
2012,7,1,0.0,8,1
2012,7,2,0.0,8,1
2012,7,3,0.0,8,1
2012,7,4,0.0,8,1
2012,7,5,17.0,8,1
2012,7,6,0.0,8,1
2012,7,7,0.0,8,1
2012,7,8,0.0,8,1
2012,7,9,2.0,8,1
2012,7,10,0.0,8,1
2012,7,11,0.0,8,1
2012,7,12,16.0,8,1
2012,7,13,1.5,8,1
2012,7,14,0.5,8,1
2012,7,15,15.5,8,1
2012,7,16,113.5,8,1
2012,7,17,0.5,8,1
2012,7,18,0.0,8,1
2012,7,19,0.0,8,1
2012,7,20,0.0,8,1
2012,7,21,0.0,8,1
2012,7,22,0.0,8,1
2012,7,23,0.0,8,1
2012,7,24,11.0,8,1
2012,7,25,19.0,8,1
2012,7,26,0.0,8,1
2012,7,27,0.0,8,1
2012,7,28,0.0,8,1
2012,7,29,0.0,8,1
2012,7,30,0.0,8,1
2012,7,31,0.0,8,1
2012,8,1,0.0,8,1
2012,8,2,0.0,8,1
2012,8,3,0.0,8,1
2012,8,4,0.0,8,1
2012,8,5,0.0,8,1
2012,8,6,1.0,8,1
2012,8,7,1.0,8,1
2012,8,8,0.0,8,1
2012,8,9,25.5,8,1
2012,8,10,0.0,8,1
2012,8,11,0.0,8,1
2012,8,12,0.0,8,1
2012,8,13,16.5,8,1
2012,8,14,1.0,8,1
2012,8,15,0.0,8,1
2012,8,16,8.0,8,1
2012,8,17,0.0,8,1
2012,8,18,0.0,8,1
2012,8,19,0.0,8,1
2012,8,20,0.0,8,1
2012,8,21,0.0,8,1
2012,8,22,0.0,8,1
2012,8,23,0.0,8,1
2012,8,24,0.0,8,1
2012,8,25,0.0,8,1
2012,8,26,0.0,8,1
2012,8,27,0.0,8,1
2012,8,28,0.0,8,1
2012,8,29,0.0,8,1
2012,8,30,0.0,8,1
2012,8,31,0.0,8,1
2012,9,1,0.0,8,1
2012,9,2,0.0,8,1
2012,9,3,0.0,8,1
2012,9,4,2.5,8,1
2012,9,5,0.0,8,1
2012,9,6,11.0,8,1
2012,9,7,0.0,8,1
2012,9,8,0.0,8,1
2012,9,9,2.0,8,1
2012,9,10,7.0,8,1
2012,9,11,14.0,8,1
2012,9,12,0.0,8,1
2012,9,13,0.0,8,1
2012,9,14,0.0,8,1
2012,9,15,0.0,8,1
2012,9,16,0.0,8,1
2012,9,17,0.0,8,1
2012,9,18,0.0,8,1
2012,9,19,3.5,8,1
2012,9,20,0.0,8,1
2012,9,21,0.0,8,1
2012,9,22,0.0,8,1
2012,9,23,1.0,8,1
2012,9,24,2.5,8,1
2012,9,25,1.0,8,1
2012,9,26,0.0,8,1
2012,9,27,0.0,8,1
2012,9,28,0.0,8,1
2012,9,29,0.5,8,1
2012,9,30,16.5,8,1
2012,10,1,29.5,8,1
2012,10,2,0.0,8,1
2012,10,3,0.0,8,1
2012,10,4,0.0,8,1
2012,10,5,13.0,8,1
2012,10,6,2.0,8,1
2012,10,7,0.0,8,1
2012,10,8,0.0,8,1
2012,10,9,0.0,8,1
2012,10,10,0.0,8,1
2012,10,11,19.0,8,1
2012,10,12,0.0,8,1
2012,10,13,8.5,8,1
2012,10,14,0.0,8,1
2012,10,15,2.0,8,1
2012,10,16,0.0,8,1
2012,10,17,7.5,8,1
2012,10,18,8.0,8,1
2012,10,19,1.5,8,1
2012,10,20,18.5,8,1
2012,10,21,34.0,8,1
2012,10,22,0.0,8,1
2012,10,23,21.0,8,1
2012,10,24,0.5,8,1
2012,10,25,6.0,8,1
2012,10,26,0.0,8,1
2012,10,27,0.0,8,1
2012,10,28,15.0,8,1
2012,10,29,14.5,8,1
2012,10,30,1.0,8,1
2012,10,31,0.0,8,1
2012,11,1,16.0,8,1
2012,11,2,21.5,8,1
2012,11,3,1.5,8,1
2012,11,4,0.0,8,1
2012,11,5,0.0,8,1
2012,11,6,35.5,8,1
2012,11,7,7.5,8,1
2012,11,8,35.0,8,1
2012,11,9,13.0,8,1
2012,11,10,0.0,8,1
2012,11,11,0.0,8,1
2012,11,12,15.0,8,1
2012,11,13,55.5,8,1
2012,11,14,14.0,8,1
2012,11,15,0.0,8,1
2012,11,16,1.0,8,1
2012,11,17,27.5,8,1
2012,11,18,2.0,8,1
2012,11,19,1.5,8,1
2012,11,20,8.5,8,1
2012,11,21,0.0,8,1
2012,11,22,6.5,8,1
2012,11,23,6.5,8,1
2012,11,24,0.0,8,1
2012,11,25,0.0,8,1
2012,11,26,33.5,8,1
2012,11,27,3.0,8,1
2012,11,28,0.0,8,1
2012,11,29,25.0,8,1
2012,11,30,1.5,8,1
2012,12,1,0.0,8,1
2012,12,2,0.5,8,1
2012,12,3,0.0,8,1
2012,12,4,9.5,8,1
2012,12,5,1.0,8,1
2012,12,6,11.0,8,1
2012,12,7,1.5,8,1
2012,12,8,2.0,8,1
2012,12,9,4.5,8,1
2012,12,10,13.0,8,1
2012,12,11,0.5,8,1
2012,12,12,0.5,8,1
2012,12,13,3.0,8,1
2012,12,14,11.5,8,1
2012,12,15,5.0,8,1
2012,12,16,8.0,8,1
2012,12,17,3.5,8,1
2012,12,18,4.5,8,1
2012,12,19,1.0,8,1
2012,12,20,2.0,8,1
2012,12,21,1.0,8,1
2012,12,22,0.5,8,1
2012,12,23,0.0,8,1
2012,12,24,4.5,8,1
2012,12,25,6.5,8,1
2012,12,26,0.0,8,1
2012,12,27,0.5,8,1
2012,12,28,0.0,8,1
2012,12,29,0.0,8,1
2012,12,30,13.0,8,1
2012,12,31,0.5,8,1
2013,1,1,0.5,8,1
2013,1,2,3.0,8,1
2013,1,3,2.0,8,1
2013,1,4,1.5,8,1
2013,1,5,3.0,8,1
2013,1,6,4.0,8,1
2013,1,7,1.5,8,1
2013,1,8,1.5,8,1
2013,1,9,1.0,8,1
2013,1,10,2.0,8,1
2013,1,11,2.5,8,1
2013,1,12,17.0,8,1
2013,1,13,0.5,8,1
2013,1,14,0.0,8,1
2013,1,15,0.0,8,1
2013,1,16,3.5,8,1
2013,1,17,1.0,8,1
2013,1,18,2.0,8,1
2013,1,19,1.0,8,1
2013,1,20,0.0,8,1
2013,1,21,0.0,8,1
2013,1,22,1.5,8,1
2013,1,23,0.0,8,1
2013,1,24,7.5,8,1
2013,1,25,3.0,8,1
2013,1,26,1.0,8,1
2013,1,27,2.0,8,1
2013,1,28,4.0,8,1
2013,1,29,2.0,8,1
2013,1,30,0.5,8,1
2013,1,31,0.0,8,1
2013,2,1,0.0,8,1
2013,2,2,5.5,8,1
2013,2,3,0.0,8,1
2013,2,4,6.5,8,1
2013,2,5,0.0,8,1
2013,2,6,0.0,8,1
2013,2,7,12.5,8,1
2013,2,8,1.5,8,1
2013,2,9,1.0,8,1
2013,2,10,1.0,8,1
2013,2,11,3.0,8,1
2013,2,12,2.0,8,1
2013,2,13,1.0,8,1
2013,2,14,4.0,8,1
2013,2,15,1.5,8,1
2013,2,16,1.0,8,1
2013,2,17,0.5,8,1
2013,2,18,5.5,8,1
2013,2,19,1.0,8,1
2013,2,20,0.0,8,1
2013,2,21,0.0,8,1
2013,2,22,0.5,8,1
2013,2,23,2.0,8,1
2013,2,24,5.5,8,1
2013,2,25,5.0,8,1
2013,2,26,0.5,8,1
2013,2,27,0.0,8,1
2013,2,28,1.0,8,1
2013,3,1,4.5,8,1
2013,3,2,1.0,8,1
2013,3,3,0.5,8,1
2013,3,4,0.0,8,1
2013,3,5,2.0,8,1
2013,3,6,1.0,8,1
2013,3,7,11.5,8,1
2013,3,8,7.0,8,1
2013,3,9,0.0,8,1
2013,3,10,0.5,8,1
2013,3,11,0.0,8,1
2013,3,12,0.0,8,1
2013,3,13,26.0,8,1
2013,3,14,0.0,8,1
2013,3,15,0.0,8,1
2013,3,16,6.0,8,1
2013,3,17,0.0,8,1
2013,3,18,21.5,8,1
2013,3,19,5.0,8,1
2013,3,20,3.5,8,1
2013,3,21,0.0,8,1
2013,3,22,3.5,8,1
2013,3,23,0.0,8,1
2013,3,24,0.0,8,1
2013,3,25,1.5,8,1
2013,3,26,0.0,8,1
2013,3,27,0.0,8,1
2013,3,28,0.0,8,1
2013,3,29,0.0,8,1
2013,3,30,0.0,8,1
2013,3,31,0.0,8,1
2013,4,1,0.0,8,1
2013,4,2,0.0,8,1
2013,4,3,0.0,8,1
2013,4,4,0.0,8,1
2013,4,5,0.0,8,1
2013,4,6,0.5,8,1
2013,4,7,14.5,8,1
2013,4,8,8.5,8,1
2013,4,9,4.5,8,1
2013,4,10,2.0,8,1
2013,4,11,11.0,8,1
2013,4,12,1.0,8,1
2013,4,13,0.0,8,1
2013,4,14,17.0,8,1
2013,4,15,3.0,8,1
2013,4,16,3.0,8,1
2013,4,17,12.5,8,1
2013,4,18,15.0,8,1
2013,4,19,3.0,8,1
2013,4,20,0.0,8,1
2013,4,21,6.0,8,1
2013,4,22,0.0,8,1
2013,4,23,0.0,8,1
2013,4,24,8.0,8,1
2013,4,25,0.0,8,1
2013,4,26,5.0,8,1
2013,4,27,2.5,8,1
2013,4,28,0.0,8,1
2013,4,29,0.0,8,1
2013,4,30,14.0,8,1
2013,5,1,3.0,8,1
2013,5,2,3.0,8,1
2013,5,3,2.0,8,1
2013,5,4,1.0,8,1
2013,5,5,0.0,8,1
2013,5,6,21.5,8,1
2013,5,7,0.0,8,1
2013,5,8,0.0,8,1
2013,5,9,0.0,8,1
2013,5,10,0.0,8,1
2013,5,11,6.0,8,1
2013,5,12,0.5,8,1
2013,5,13,1.0,8,1
2013,5,14,0.0,8,1
2013,5,15,1.5,8,1
2013,5,16,0.5,8,1
2013,5,17,0.0,8,1
2013,5,18,0.0,8,1
2013,5,19,0.0,8,1
2013,5,20,1.0,8,1
2013,5,21,0.0,8,1
2013,5,22,0.0,8,1
2013,5,23,0.0,8,1
2013,5,24,3.0,8,1
2013,5,25,0.0,8,1
2013,5,26,0.0,8,1
2013,5,27,0.0,8,1
2013,5,28,0.0,8,1
2013,5,29,3.5,8,1
2013,5,30,24.5,8,1
2013,5,31,0.0,8,1
2013,6,1,0.0,8,1
2013,6,2,0.0,8,1
2013,6,3,0.0,8,1
2013,6,4,0.0,5,1
2013,6,5,0.0,8,1
2013,6,6,0.0,8,1
2013,6,7,0.0,8,1
2013,6,8,0.0,8,1
2013,6,9,0.0,8,1
2013,6,10,0.0,8,1
2013,6,11,0.0,8,1
2013,6,12,0.0,8,1
2013,6,13,0.0,8,1
2013,6,14,0.0,8,1
2013,6,15,0.5,8,1
2013,6,16,0.0,8,1
2013,6,17,0.0,8,1
2013,6,18,44.5,8,1
2013,6,19,8.0,8,1
2013,6,20,0.0,8,1
2013,6,21,0.0,8,1
2013,6,22,0.0,8,1
2013,6,23,0.0,8,1
2013,6,24,0.0,8,1
2013,6,25,0.0,8,1
2013,6,26,0.0,8,1
2013,6,27,0.0,8,1
2013,6,28,0.0,8,1
2013,6,29,0.0,8,1
2013,6,30,0.0,8,1
2013,7,1,0.0,8,1
2013,7,2,7.5,8,1
2013,7,3,27.5,8,1
2013,7,4,17.0,8,1
2013,7,5,84.0,8,1
2013,7,6,15.5,8,1
2013,7,7,0.0,8,1
2013,7,8,6.5,8,1
2013,7,9,16.0,8,1
2013,7,10,4.0,8,1
2013,7,11,32.0,8,1
2013,7,12,106.0,8,1
2013,7,13,7.0,8,1
2013,7,14,2.0,8,1
2013,7,15,0.5,8,1
2013,7,16,0.0,8,1
2013,7,17,1.0,8,1
2013,7,18,5.0,8,1
2013,7,19,0.0,8,1
2013,7,20,0.0,8,1
2013,7,21,0.0,8,1
2013,7,22,27.5,8,1
2013,7,23,1.5,8,1
2013,7,24,2.5,8,1
2013,7,25,12.0,8,1
2013,7,26,4.5,8,1
2013,7,27,20.5,8,1
2013,7,28,5.5,8,1
2013,7,29,0.0,8,1
2013,7,30,7.0,8,1
2013,7,31,3.0,8,1
2013,8,1,12.5,8,1
2013,8,2,0.0,8,1
2013,8,3,0.0,8,1
2013,8,4,0.0,8,1
2013,8,5,0.0,8,1
2013,8,6,0.0,8,1
2013,8,7,0.0,8,1
2013,8,8,0.0,8,1
2013,8,9,35.5,8,1
2013,8,10,5.5,8,1
2013,8,11,0.0,8,1
2013,8,12,0.0,8,1
2013,8,13,0.0,8,1
2013,8,14,0.0,8,1
2013,8,15,0.0,8,1
2013,8,16,0.0,8,1
2013,8,17,0.0,8,1
2013,8,18,0.0,8,1
2013,8,19,14.0,8,1
2013,8,20,22.0,8,1
2013,8,21,0.0,8,1
2013,8,22,0.0,8,1
2013,8,23,7.0,8,1
2013,8,24,13.5,8,1
2013,8,25,8.0,8,1
2013,8,26,0.0,8,1
2013,8,27,6.5,8,1
2013,8,28,0.5,8,1
2013,8,29,2.0,8,1
2013,8,30,24.0,8,1
2013,8,31,65.0,8,1
2013,9,1,3.5,8,1
2013,9,2,19.5,8,1
2013,9,3,29.0,8,1
2013,9,4,4.0,8,1
2013,9,5,13.0,8,1
2013,9,6,0.0,8,1
2013,9,7,0.0,8,1
2013,9,8,3.0,8,1
2013,9,9,0.0,8,1
2013,9,10,0.0,8,1
2013,9,11,0.0,8,1
2013,9,12,0.0,8,1
2013,9,13,0.0,8,1
2013,9,14,0.0,8,1
2013,9,15,30.0,8,1
2013,9,16,148.0,8,1
2013,9,17,0.0,8,1
2013,9,18,0.0,4,1
2013,9,19,0.0,4,1
2013,9,20,0.0,8,1
2013,9,21,6.5,8,1
2013,9,22,0.0,8,1
2013,9,23,0.0,8,1
2013,9,24,0.0,8,1
2013,9,25,8.5,8,1
2013,9,26,0.5,5,1
2013,9,27,0.0,8,1
2013,9,28,0.0,8,1
2013,9,29,0.0,8,1
2013,9,30,0.0,8,1
2013,10,1,0.0,8,1
2013,10,2,0.0,8,1
2013,10,3,2.5,8,1
2013,10,4,0.0,5,1
2013,10,5,0.0,8,1
2013,10,6,0.0,8,1
2013,10,7,0.0,8,1
2013,10,8,11.0,8,1
2013,10,9,23.5,8,1
2013,10,10,0.0,8,1
2013,10,11,31.5,8,1
2013,10,12,11.5,8,1
2013,10,13,3.0,8,1
2013,10,14,0.0,8,1
2013,10,15,3.5,8,1
2013,10,16,58.5,8,1
2013,10,17,1.5,8,1
2013,10,18,0.0,8,1
2013,10,19,0.0,8,1
2013,10,20,24.0,8,1
2013,10,21,6.0,8,1
2013,10,22,0.0,8,1
2013,10,23,0.0,8,1
2013,10,24,2.5,8,1
2013,10,25,20.5,8,1
2013,10,26,2.5,8,1
2013,10,27,1.5,8,1
2013,10,28,0.0,8,1
2013,10,29,0.0,8,1
2013,10,30,14.5,8,1
2013,10,31,0.0,8,1
2013,11,1,0.0,8,1
2013,11,2,0.0,8,1
2013,11,3,3.5,8,1
2013,11,4,6.5,8,1
2013,11,5,0.0,8,1
2013,11,6,0.0,4,1
2013,11,7,33.5,4,1
2013,11,8,0.0,8,1
2013,11,9,0.0,8,1
2013,11,10,29.5,8,1
2013,11,11,6.0,8,1
2013,11,12,11.0,8,1
2013,11,13,2.0,8,1
2013,11,14,0.0,8,1
2013,11,15,10.5,8,1
2013,11,16,0.0,8,1
2013,11,17,0.0,8,1
2013,11,18,15.0,8,1
2013,11,19,25.0,8,1
2013,11,20,14.0,8,1
2013,11,21,3.0,8,1
2013,11,22,5.5,8,1
2013,11,23,0.5,8,1
2013,11,24,0.5,8,1
2013,11,25,1.5,4,1
2013,11,26,7.5,4,1
2013,11,27,23.5,8,1
2013,11,28,6.5,8,1
2013,11,29,5.5,8,1
2013,11,30,5.5,8,1
2013,12,1,0.0,8,1
2013,12,2,0.5,8,1
2013,12,3,0.0,8,1
2013,12,4,0.0,8,1
2013,12,5,3.5,8,1
2013,12,6,6.0,8,1
2013,12,7,1.0,8,1
2013,12,8,3.5,8,1
2013,12,9,0.0,8,1
2013,12,10,12.5,8,1
2013,12,11,17.5,8,1
2013,12,12,2.5,8,1
2013,12,13,10.5,8,1
2013,12,14,0.0,8,1
2013,12,15,1.0,8,1
2013,12,16,1.5,8,1
2013,12,17,0.5,8,1
2013,12,18,0.0,8,1
2013,12,19,0.0,8,1
2013,12,20,6.0,8,1
2013,12,21,0.0,8,1
2013,12,22,2.0,8,1
2013,12,23,1.0,8,1
2013,12,24,3.5,8,1
2013,12,25,2.5,8,1
2013,12,26,9.5,8,1
2013,12,27,10.0,8,1
2013,12,28,2.0,8,1
2013,12,29,1.5,8,1
2013,12,30,1.5,8,1
2013,12,31,5.5,8,1
2014,1,1,9.0,8,1
2014,1,2,0.5,8,1
2014,1,3,7.5,8,1
2014,1,4,0.5,8,1
2014,1,5,1.0,8,1
2014,1,6,3.5,8,1
2014,1,7,0.0,8,1
2014,1,8,8.0,8,1
2014,1,9,1.5,8,1
2014,1,10,0.5,8,1
2014,1,11,0.0,8,1
2014,1,12,6.0,8,1
2014,1,13,3.0,8,1
2014,1,14,4.5,8,1
2014,1,15,1.5,8,1
2014,1,16,1.0,8,1
2014,1,17,1.0,8,1
2014,1,18,3.5,8,1
2014,1,19,1.0,8,1
2014,1,20,4.0,8,1
2014,1,21,0.0,8,1
2014,1,22,1.0,8,1
2014,1,23,0.0,8,1
2014,1,24,2.0,8,1
2014,1,25,7.0,8,1
2014,1,26,9.0,8,1
2014,1,27,0.0,8,1
2014,1,28,6.5,8,1
2014,1,29,0.0,8,1
2014,1,30,24.5,8,1
2014,1,31,1.0,8,1
2014,2,1,1.5,8,1
2014,2,2,17.0,8,1
2014,2,3,4.5,8,1
2014,2,4,1.5,8,1
2014,2,5,2.5,8,1
2014,2,6,0.5,8,1
2014,2,7,1.0,8,1
2014,2,8,0.0,8,1
2014,2,9,0.5,8,1
2014,2,10,0.5,8,1
2014,2,11,2.5,8,1
2014,2,12,0.0,8,1
2014,2,13,0.0,8,1
2014,2,14,0.5,8,1
2014,2,15,2.0,8,1
2014,2,16,1.0,8,1
2014,2,17,0.0,8,1
2014,2,18,0.5,8,1
2014,2,19,0.5,8,1
2014,2,20,0.5,8,1
2014,2,21,1.0,8,1
2014,2,22,1.0,8,1
2014,2,23,3.0,8,1
2014,2,24,0.0,8,1
2014,2,25,1.5,8,1
2014,2,26,0.0,8,1
2014,2,27,3.0,8,1
2014,2,28,3.0,8,1
2014,3,1,0.0,8,1
2014,3,2,0.0,8,1
2014,3,3,0.0,8,1
2014,3,4,0.0,8,1
2014,3,5,4.5,8,1
2014,3,6,0.0,8,1
2014,3,7,0.5,8,1
2014,3,8,0.0,8,1
2014,3,9,2.0,8,1
2014,3,10,8.0,8,1
2014,3,11,2.0,8,1
2014,3,12,4.5,8,1
2014,3,13,14.5,8,1
2014,3,14,0.5,8,1
2014,3,15,0.0,8,1
2014,3,16,15.5,8,1
2014,3,17,0.0,8,1
2014,3,18,18.0,8,1
2014,3,19,0.0,8,1
2014,3,20,11.0,8,1
2014,3,21,2.0,8,1
2014,3,22,3.5,8,1
2014,3,23,1.5,8,1
2014,3,24,0.0,8,1
2014,3,25,0.0,8,1
2014,3,26,0.0,8,1
2014,3,27,0.0,8,1
2014,3,28,0.0,8,1
2014,3,29,0.0,8,1
2014,3,30,19.0,8,1
2014,3,31,0.0,8,1
2014,4,1,0.0,8,1
2014,4,2,0.0,8,1
2014,4,3,0.0,8,1
2014,4,4,7.5,8,1
2014,4,5,5.0,8,1
2014,4,6,0.5,8,1
2014,4,7,0.0,8,1
2014,4,8,0.0,8,1
2014,4,9,0.0,8,1
2014,4,10,3.0,8,1
2014,4,11,0.0,8,1
2014,4,12,0.0,8,1
2014,4,13,0.0,8,1
2014,4,14,0.0,8,1
2014,4,15,5.5,8,1
2014,4,16,0.0,8,1
2014,4,17,0.0,8,1
2014,4,18,0.0,8,1
2014,4,19,0.0,8,1
2014,4,20,0.0,8,1
2014,4,21,0.0,8,1
2014,4,22,0.0,8,1
2014,4,23,0.0,8,1
2014,4,24,0.0,8,1
2014,4,25,0.0,8,1
2014,4,26,0.0,8,1
2014,4,27,0.0,8,1
2014,4,28,0.0,8,1
2014,4,29,0.0,8,1
2014,4,30,0.0,8,1
2014,5,1,4.0,8,1
2014,5,2,1.5,8,1
2014,5,3,4.0,8,1
2014,5,4,4.0,8,1
2014,5,5,5.0,8,1
2014,5,6,4.5,8,1
2014,5,7,0.5,8,1
2014,5,8,8.0,8,1
2014,5,9,23.5,8,1
2014,5,10,0.0,8,1
2014,5,11,0.0,8,1
2014,5,12,0.0,8,1
2014,5,13,1.5,8,1
2014,5,14,0.0,8,1
2014,5,15,10.0,8,1
2014,5,16,7.5,8,1
2014,5,17,3.5,8,1
2014,5,18,2.0,8,1
2014,5,19,0.0,8,1
2014,5,20,0.0,8,1
2014,5,21,4.5,8,1
2014,5,22,5.5,8,1
2014,5,23,0.0,8,1
2014,5,24,0.0,8,1
2014,5,25,0.0,8,1
2014,5,26,9.0,8,1
2014,5,27,4.5,8,1
2014,5,28,0.0,8,1
2014,5,29,0.0,8,1
2014,5,30,0.0,8,1
2014,5,31,0.0,8,1
2014,6,1,0.0,8,1
2014,6,2,0.0,8,1
2014,6,3,0.0,8,1
2014,6,4,0.0,8,1
2014,6,5,0.0,8,1
2014,6,6,2.5,8,1
2014,6,7,0.0,8,1
2014,6,8,0.0,8,1
2014,6,9,4.0,8,1
2014,6,10,16.5,8,1
2014,6,11,1.0,8,1
2014,6,12,43.0,8,1
2014,6,13,30.5,5,1
2014,6,14,30.5,8,1
2014,6,15,2.5,8,1
2014,6,16,4.5,8,1
2014,6,17,0.0,8,1
2014,6,18,0.0,8,1
2014,6,19,2.5,8,1
2014,6,20,5.0,8,1
2014,6,21,0.0,8,1
2014,6,22,0.0,8,1
2014,6,23,0.0,8,1
2014,6,24,0.0,8,1
2014,6,25,0.0,8,1
2014,6,26,0.0,8,1
2014,6,27,0.0,8,1
2014,6,28,0.0,8,1
2014,6,29,9.5,8,1
2014,6,30,12.0,8,1
2014,7,1,0.0,8,1
2014,7,2,0.0,8,1
2014,7,3,0.0,8,1
2014,7,4,0.0,8,1
2014,7,5,0.0,8,1
2014,7,6,0.0,8,1
2014,7,7,0.0,8,1
2014,7,8,0.0,8,1
2014,7,9,12.0,8,1
2014,7,10,142.5,8,1
2014,7,11,3.5,8,1
2014,7,12,0.0,8,1
2014,7,13,1.5,8,1
2014,7,14,0.0,8,1
2014,7,15,0.0,8,1
2014,7,16,0.5,8,1
2014,7,17,0.0,8,1
2014,7,18,6.5,8,1
2014,7,19,2.5,8,1
2014,7,20,0.0,8,1
2014,7,21,0.0,8,1
2014,7,22,0.0,8,1
2014,7,23,27.0,8,1
2014,7,24,1.5,8,1
2014,7,25,0.0,8,1
2014,7,26,0.0,8,1
2014,7,27,4.5,8,1
2014,7,28,0.0,8,1
2014,7,29,0.0,8,1
2014,7,30,0.0,8,1
2014,7,31,0.0,8,1
2014,8,1,69.0,8,1
2014,8,2,0.0,8,1
2014,8,3,0.0,8,1
2014,8,4,0.0,8,1
2014,8,5,25.0,8,1
2014,8,6,91.0,8,1
2014,8,7,63.0,8,1
2014,8,8,34.5,8,1
2014,8,9,0.0,8,1
2014,8,10,27.0,8,1
2014,8,11,13.5,8,1
2014,8,12,0.0,8,1
2014,8,13,0.0,8,1
2014,8,14,0.0,8,1
2014,8,15,60.0,8,1
2014,8,16,0.0,8,1
2014,8,17,1.5,8,1
2014,8,18,2.5,8,1
2014,8,19,5.0,8,1
2014,8,20,42.0,8,1
2014,8,21,36.0,8,1
2014,8,22,1.5,8,1
2014,8,23,17.0,8,1
2014,8,24,0.0,8,1
2014,8,25,0.0,8,1
2014,8,26,0.0,8,1
2014,8,27,0.0,8,1
2014,8,28,0.0,8,1
2014,8,29,0.0,8,1
2014,8,30,14.0,8,1
2014,8,31,0.0,8,1
2014,9,1,0.0,8,1
2014,9,2,0.0,8,1
2014,9,3,0.0,8,1
2014,9,4,8.0,8,1
2014,9,5,36.0,8,1
2014,9,6,0.5,8,1
2014,9,7,0.0,8,1
2014,9,8,0.0,8,1
2014,9,9,0.0,8,1
2014,9,10,2.0,8,1
2014,9,11,0.0,8,1
2014,9,12,4.0,8,1
2014,9,13,0.0,8,1
2014,9,14,0.5,8,1
2014,9,15,0.0,8,1
2014,9,16,4.0,8,1
2014,9,17,3.0,8,1
2014,9,18,1.5,4,1
2014,9,19,0.0,4,1
2014,9,20,0.5,8,1
2014,9,21,0.0,8,1
2014,9,22,0.0,8,1
2014,9,23,0.0,8,1
2014,9,24,1.0,8,1
2014,9,25,16.5,8,1
2014,9,26,0.0,8,1
2014,9,27,0.0,8,1
2014,9,28,0.0,8,1
2014,9,29,0.0,8,1
2014,9,30,0.5,5,1
2014,10,1,0.0,8,1
2014,10,2,4.5,8,1
2014,10,3,17.5,8,1
2014,10,4,0.0,8,1
2014,10,5,0.0,8,1
2014,10,6,17.0,8,1
2014,10,7,0.0,8,1
2014,10,8,0.0,8,1
2014,10,9,0.0,8,1
2014,10,10,0.0,8,1
2014,10,11,0.0,8,1
2014,10,12,0.0,8,1
2014,10,13,7.5,8,1
2014,10,14,42.0,8,1
2014,10,15,0.0,8,1
2014,10,16,4.0,8,1
2014,10,17,14.0,8,1
2014,10,18,2.0,8,1
2014,10,19,0.0,8,1
2014,10,20,4.0,8,1
2014,10,21,36.0,8,1
2014,10,22,0.0,8,1
2014,10,23,0.0,8,1
2014,10,24,0.0,8,1
2014,10,25,0.0,8,1
2014,10,26,0.0,8,1
2014,10,27,10.0,8,1
2014,10,28,8.5,8,1
2014,10,29,1.0,8,1
2014,10,30,0.0,8,1
2014,10,31,0.0,8,1
2014,11,1,0.0,8,1
2014,11,2,49.0,8,1
2014,11,3,6.0,8,1
2014,11,4,1.0,8,1
2014,11,5,0.0,8,1
2014,11,6,3.0,8,1
2014,11,7,0.5,8,1
2014,11,8,0.0,8,1
2014,11,9,2.5,8,1
2014,11,10,5.5,8,1
2014,11,11,0.0,8,1
2014,11,12,11.0,8,1
2014,11,13,24.0,8,1
2014,11,14,1.5,8,1
2014,11,15,3.5,8,1
2014,11,16,0.0,8,1
2014,11,17,0.0,8,1
2014,11,18,0.5,8,1
2014,11,19,0.0,8,1
2014,11,20,0.0,8,1
2014,11,21,0.0,8,1
2014,11,22,8.5,8,1
2014,11,23,0.0,8,1
2014,11,24,6.0,8,1
2014,11,25,0.0,8,1
2014,11,26,0.0,8,1
2014,11,27,0.0,8,1
2014,11,28,0.0,8,1
2014,11,29,13.5,8,1
2014,11,30,0.5,8,1
2014,12,1,19.5,8,1
2014,12,2,10.5,8,1
2014,12,3,5.5,8,1
2014,12,4,7.0,8,1
2014,12,5,5.5,8,1
2014,12,6,10.5,8,1
2014,12,7,7.0,8,1
2014,12,8,5.5,8,1
2014,12,9,8.0,8,1
2014,12,10,0.0,8,1
2014,12,11,18.0,8,1
2014,12,12,2.5,8,1
2014,12,13,4.0,8,1
2014,12,14,2.0,8,1
2014,12,15,2.5,5,1
2014,12,16,8.5,8,1
2014,12,17,1.5,8,1
2014,12,18,7.0,8,1
2014,12,19,2.0,8,1
2014,12,20,5.5,8,1
2014,12,21,0.5,8,1
2014,12,22,1.0,8,1
2014,12,23,0.0,8,1
2014,12,24,5.0,8,1
2014,12,25,1.0,8,1
2014,12,26,3.0,8,1
2014,12,27,1.0,8,1
2014,12,28,0.0,8,1
2014,12,29,0.5,8,1
2014,12,30,1.0,8,1
2014,12,31,2.0,8,1
2015,1,1,8.0,8,1
2015,1,2,2.0,8,1
2015,1,3,1.5,8,1
2015,1,4,0.0,8,1
2015,1,5,0.0,8,1
2015,1,6,20.5,8,1
2015,1,7,0.5,8,1
2015,1,8,3.0,8,1
2015,1,9,10.5,8,1
2015,1,10,0.5,8,1
2015,1,11,0.0,8,1
2015,1,12,11.0,8,1
2015,1,13,0.0,8,1
2015,1,14,0.0,8,1
2015,1,15,0.0,8,1
2015,1,16,0.0,8,1
2015,1,17,8.0,8,1
2015,1,18,1.5,8,1
2015,1,19,2.5,8,1
2015,1,20,1.5,8,1
2015,1,21,0.0,8,1
2015,1,22,0.0,8,1
2015,1,23,0.0,8,1
2015,1,24,0.5,8,1
2015,1,25,0.0,8,1
2015,1,26,0.0,8,1
2015,1,27,2.0,8,1
2015,1,28,0.0,8,1
2015,1,29,1.5,8,1
2015,1,30,3.0,8,1
2015,1,31,0.0,8,1
2015,2,1,4.5,8,1
2015,2,2,0.0,8,1
2015,2,3,0.0,8,1
2015,2,4,0.0,8,1
2015,2,5,0.0,8,1
2015,2,6,0.0,8,1
2015,2,7,0.0,8,1
2015,2,8,7.0,8,1
2015,2,9,0.5,8,1
2015,2,10,1.0,8,1
2015,2,11,2.5,8,1
2015,2,12,1.0,8,1
2015,2,13,6.0,8,1
2015,2,14,2.0,8,1
2015,2,15,0.5,8,1
2015,2,16,0.0,8,1
2015,2,17,0.0,8,1
2015,2,18,0.0,8,1
2015,2,19,0.0,8,1
2015,2,20,0.0,8,1
2015,2,21,0.0,8,1
2015,2,22,9.0,8,1
2015,2,23,1.5,8,1
2015,2,24,0.5,8,1
2015,2,25,0.0,8,1
2015,2,26,4.0,8,1
2015,2,27,10.0,8,1
2015,2,28,0.5,8,1
2015,3,1,11.5,8,1
2015,3,2,4.0,8,1
2015,3,3,0.0,5,1
2015,3,4,10.5,8,1
2015,3,5,3.0,8,1
2015,3,6,0.5,8,1
2015,3,7,0.0,5,1
2015,3,8,0.0,8,1
2015,3,9,3.5,8,1
2015,3,10,29.5,8,1
2015,3,11,0.5,8,1
2015,3,12,0.0,8,1
2015,3,13,0.0,8,1
2015,3,14,0.0,8,1
2015,3,15,0.0,8,1
2015,3,16,0.0,8,1
2015,3,17,8.0,8,1
2015,3,18,2.5,8,1
2015,3,19,1.5,8,1
2015,3,20,0.0,8,1
2015,3,21,0.0,8,1
2015,3,22,1.5,8,1
2015,3,23,0.0,8,1
2015,3,24,4.0,8,1
2015,3,25,0.0,8,1
2015,3,26,0.0,8,1
2015,3,27,0.0,8,1
2015,3,28,0.0,8,1
2015,3,29,0.0,8,1
2015,3,30,0.0,8,1
2015,3,31,0.0,8,1
2015,4,1,8.5,8,1
2015,4,2,0.0,8,1
2015,4,3,55.5,8,1
2015,4,4,0.0,8,1
2015,4,5,7.0,8,1
2015,4,6,1.0,8,1
2015,4,7,0.0,8,1
2015,4,8,0.0,8,1
2015,4,9,0.0,8,1
2015,4,10,0.0,8,1
2015,4,11,6.5,8,1
2015,4,12,0.0,8,1
2015,4,13,0.0,8,1
2015,4,14,0.0,8,1
2015,4,15,14.5,8,1
2015,4,16,0.5,8,1
2015,4,17,4.0,8,1
2015,4,18,0.5,8,1
2015,4,19,0.0,8,1
2015,4,20,43.0,8,1
2015,4,21,6.5,8,1
2015,4,22,0.0,8,1
2015,4,23,0.0,8,1
2015,4,24,0.0,8,1
2015,4,25,0.0,8,1
2015,4,26,0.0,8,1
2015,4,27,0.0,8,1
2015,4,28,0.0,8,1
2015,4,29,0.0,8,1
2015,4,30,0.0,8,1
2015,5,1,0.0,8,1
2015,5,2,0.0,8,1
2015,5,3,0.0,8,1
2015,5,4,17.5,8,1
2015,5,5,0.0,8,1
2015,5,6,0.0,8,1
2015,5,7,0.0,8,1
2015,5,8,0.0,8,1
2015,5,9,1.5,8,1
2015,5,10,8.0,8,1
2015,5,11,0.0,8,1
2015,5,12,13.0,8,1
2015,5,13,14.5,8,1
2015,5,14,0.0,8,1
2015,5,15,6.5,8,1
2015,5,16,4.0,8,1
2015,5,17,0.0,8,1
2015,5,18,0.0,8,1
2015,5,19,5.0,8,1
2015,5,20,0.0,8,1
2015,5,21,1.5,8,1
2015,5,22,0.0,8,1
2015,5,23,0.0,8,1
2015,5,24,0.0,8,1
2015,5,25,0.0,5,1
2015,5,26,0.0,8,1
2015,5,27,0.5,5,1
2015,5,28,0.0,8,1
2015,5,29,0.0,8,1
2015,5,30,1.0,8,1
2015,5,31,6.0,8,1
2015,6,1,0.0,8,1
2015,6,2,0.0,8,1
2015,6,3,3.0,8,1
2015,6,4,6.0,8,1
2015,6,5,0.0,8,1
2015,6,6,0.0,8,1
2015,6,7,0.0,8,1
2015,6,8,0.0,8,1
2015,6,9,5.5,8,1
2015,6,10,0.5,8,1
2015,6,11,0.0,8,1
2015,6,12,11.5,8,1
2015,6,13,2.5,8,1
2015,6,14,0.0,8,1
2015,6,15,0.0,8,1
2015,6,16,0.0,8,1
2015,6,17,0.0,8,1
2015,6,18,4.5,8,1
2015,6,19,0.0,8,1
2015,6,20,0.0,8,1
2015,6,21,0.0,8,1
2015,6,22,0.0,8,1
2015,6,23,0.0,8,1
2015,6,24,0.0,8,1
2015,6,25,0.0,8,1
2015,6,26,0.0,8,1
2015,6,27,27.5,8,1
2015,6,28,2.0,8,1
2015,6,29,0.5,8,1
2015,6,30,0.0,8,1
2015,7,1,2.5,8,1
2015,7,2,0.0,8,1
2015,7,3,0.0,8,1
2015,7,4,0.0,8,1
2015,7,5,0.0,8,1
2015,7,6,0.0,8,1
2015,7,7,0.0,8,1
2015,7,8,0.0,8,1
2015,7,9,0.0,8,1
2015,7,10,0.0,8,1
2015,7,11,0.0,8,1
2015,7,12,0.0,8,1
2015,7,13,0.0,8,1
2015,7,14,4.0,8,1
2015,7,15,0.0,8,1
2015,7,16,0.0,8,1
2015,7,17,0.0,8,1
2015,7,18,5.0,8,1
2015,7,19,6.5,8,1
2015,7,20,1.5,8,1
2015,7,21,0.0,8,1
2015,7,22,0.0,8,1
2015,7,23,48.5,8,1
2015,7,24,18.5,8,1
2015,7,25,76.5,8,1
2015,7,26,0.5,8,1
2015,7,27,0.0,8,1
2015,7,28,4.5,8,1
2015,7,29,0.0,8,1
2015,7,30,0.0,8,1
2015,7,31,1.0,8,1
2015,8,1,0.5,8,1
2015,8,2,0.0,8,1
2015,8,3,0.0,8,1
2015,8,4,0.0,8,1
2015,8,5,0.0,8,1
2015,8,6,0.0,8,1
2015,8,7,0.0,8,1
2015,8,8,0.0,8,1
2015,8,9,0.0,8,1
2015,8,10,0.0,8,1
2015,8,11,0.0,8,1
2015,8,12,4.5,8,1
2015,8,13,10.0,8,1
2015,8,14,23.0,8,1
2015,8,15,5.0,8,1
2015,8,16,0.0,8,1
2015,8,17,3.5,8,1
2015,8,18,17.5,8,1
2015,8,19,0.5,8,1
2015,8,20,0.0,8,1
2015,8,21,6.5,8,1
2015,8,22,28.0,8,1
2015,8,23,1.5,8,1
2015,8,24,0.0,8,1
2015,8,25,0.0,8,1
2015,8,26,10.0,8,1
2015,8,27,0.0,8,1
2015,8,28,0.0,8,1
2015,8,29,0.0,8,1
2015,8,30,0.0,8,1
2015,8,31,0.0,8,1
2015,9,1,1.5,8,1
2015,9,2,14.5,8,1
2015,9,3,6.0,8,1
2015,9,4,6.0,8,1
2015,9,5,0.0,8,1
2015,9,6,1.0,8,1
2015,9,7,0.0,8,1
2015,9,8,0.0,8,1
2015,9,9,1.0,5,1
2015,9,10,8.5,5,1
2015,9,11,39.5,8,1
2015,9,12,6.0,8,1
2015,9,13,4.5,8,1
2015,9,14,0.0,8,1
2015,9,15,0.0,8,1
2015,9,16,0.0,8,1
2015,9,17,0.0,4,1
2015,9,18,17.0,4,1
2015,9,19,1.5,8,1
2015,9,20,0.0,8,1
2015,9,21,0.0,8,1
2015,9,22,0.0,8,1
2015,9,23,0.0,8,1
2015,9,24,0.0,8,1
2015,9,25,0.0,8,1
2015,9,26,0.0,8,1
2015,9,27,0.5,8,1
2015,9,28,1.5,8,1
2015,9,29,2.5,8,1
2015,9,30,0.0,8,1
2015,10,1,13.0,8,1
2015,10,2,25.0,8,1
2015,10,3,11.5,8,1
2015,10,4,0.0,8,1
2015,10,5,0.5,8,1
2015,10,6,0.0,8,1
2015,10,7,0.0,8,1
2015,10,8,0.0,8,1
2015,10,9,12.0,8,1
2015,10,10,1.5,8,1
2015,10,11,8.0,8,1
2015,10,12,16.5,8,1
2015,10,13,8.0,8,1
2015,10,14,0.5,8,1
2015,10,15,0.0,8,1
2015,10,16,0.0,8,1
2015,10,17,0.0,8,1
2015,10,18,0.0,8,1
2015,10,19,0.0,8,1
2015,10,20,4.5,8,1
2015,10,21,3.5,8,1
2015,10,22,0.5,8,1
2015,10,23,0.0,8,1
2015,10,24,32.5,8,1
2015,10,25,0.5,8,1
2015,10,26,0.0,8,1
2015,10,27,0.0,8,1
2015,10,28,2.5,5,1
2015,10,29,1.0,8,1
2015,10,30,7.0,8,1
2015,10,31,0.0,8,1
2015,11,1,0.0,8,1
2015,11,2,0.5,8,1
2015,11,3,0.0,8,1
2015,11,4,0.0,8,1
2015,11,5,0.0,8,1
2015,11,6,0.0,8,1
2015,11,7,0.0,8,1
2015,11,8,12.5,8,1
2015,11,9,16.5,8,1
2015,11,10,0.0,8,1
2015,11,11,0.0,8,1
2015,11,12,0.0,8,1
2015,11,13,0.0,8,1
2015,11,14,1.0,8,1
2015,11,15,30.5,8,1
2015,11,16,0.0,8,1
2015,11,17,6.0,8,1
2015,11,18,0.0,8,1
2015,11,19,0.0,8,1
2015,11,20,0.0,8,1
2015,11,21,10.0,8,1
2015,11,22,0.0,8,1
2015,11,23,2.5,8,1
2015,11,24,6.0,8,1
2015,11,25,0.0,8,1
2015,11,26,5.5,8,1
2015,11,27,19.0,8,1
2015,11,28,2.0,8,1
2015,11,29,3.0,8,1
2015,11,30,2.5,8,1
2015,12,1,0.0,8,1
2015,12,2,0.0,8,1
2015,12,3,8.0,8,1
2015,12,4,8.0,8,1
2015,12,5,3.5,8,1
2015,12,6,1.0,8,1
2015,12,7,0.0,8,1
2015,12,8,0.0,8,1
2015,12,9,0.0,8,1
2015,12,10,2.0,8,1
2015,12,11,34.0,8,1
2015,12,12,0.0,8,1
2015,12,13,0.0,8,1
2015,12,14,0.0,8,1
2015,12,15,4.5,8,1
2015,12,16,9.5,8,1
2015,12,17,1.0,8,1
2015,12,18,1.5,8,1
2015,12,19,0.0,8,1
2015,12,20,0.0,8,1
2015,12,21,5.0,8,1
2015,12,22,6.5,8,1
2015,12,23,0.0,8,1
2015,12,24,0.0,8,1
2015,12,25,10.0,8,1
2015,12,26,4.5,8,1
2015,12,27,1.0,8,1
2015,12,28,1.0,8,1
2015,12,29,1.0,8,1
2015,12,30,0.0,8,1
2015,12,31,0.0,8,1
2016,1,1,1.5,8,1
2016,1,2,8.0,8,1
2016,1,3,1.0,8,1
2016,1,4,2.5,8,1
2016,1,5,0.0,8,1
2016,1,6,0.0,8,1
2016,1,7,1.0,8,1
2016,1,8,0.0,5,1
2016,1,9,0.0,8,1
2016,1,10,6.0,8,1
2016,1,11,0.5,8,1
2016,1,12,0.0,8,1
2016,1,13,1.0,8,1
2016,1,14,0.0,8,1
2016,1,15,0.0,8,1
2016,1,16,3.0,8,1
2016,1,17,0.0,8,1
2016,1,18,7.0,8,1
2016,1,19,7.5,8,1
2016,1,20,2.0,8,1
2016,1,21,0.5,8,1
2016,1,22,0.0,8,1
2016,1,23,0.5,8,1
2016,1,24,0.0,8,1
2016,1,25,0.5,8,1
2016,1,26,2.5,8,1
2016,1,27,4.5,8,1
2016,1,28,0.0,8,1
2016,1,29,0.0,8,1
2016,1,30,0.0,8,1
2016,1,31,0.0,8,1
2016,2,1,0.5,8,1
2016,2,2,0.5,8,1
2016,2,3,0.0,8,1
2016,2,4,3.0,8,1
2016,2,5,0.0,8,1
2016,2,6,0.0,8,1
2016,2,7,1.0,8,1
2016,2,8,2.0,8,1
2016,2,9,6.5,8,1
2016,2,10,0.0,8,1
2016,2,11,0.0,8,1
2016,2,12,0.0,8,1
2016,2,13,15.0,8,1
2016,2,14,25.5,8,1
2016,2,15,0.5,8,1
2016,2,16,6.0,8,1
2016,2,17,3.0,8,1
2016,2,18,31.0,8,1
2016,2,19,26.5,8,1
2016,2,20,9.5,8,1
2016,2,21,4.0,8,1
2016,2,22,0.0,8,1
2016,2,23,6.5,8,1
2016,2,24,0.5,8,1
2016,2,25,0.5,8,1
2016,2,26,2.0,8,1
2016,2,27,3.5,8,1
2016,2,28,0.5,8,1
2016,2,29,14.0,8,1
2016,3,1,0.0,8,1
2016,3,2,0.0,8,1
2016,3,3,5.5,8,1
2016,3,4,0.0,8,1
2016,3,5,0.0,8,1
2016,3,6,18.5,8,1
2016,3,7,7.0,8,1
2016,3,8,0.0,8,1
2016,3,9,0.0,8,1
2016,3,10,0.0,8,1
2016,3,11,0.5,8,1
2016,3,12,0.0,8,1
2016,3,13,0.5,8,1
2016,3,14,0.5,8,1
2016,3,15,0.0,8,1
2016,3,16,0.0,8,1
2016,3,17,0.0,8,1
2016,3,18,3.0,8,1
2016,3,19,11.0,8,1
2016,3,20,2.0,8,1
2016,3,21,1.0,8,1
2016,3,22,18.5,8,1
2016,3,23,1.0,8,1
2016,3,24,1.5,8,1
2016,3,25,1.0,8,1
2016,3,26,0.0,8,1
2016,3,27,0.0,8,1
2016,3,28,0.0,8,1
2016,3,29,0.0,8,1
2016,3,30,18.5,8,1
2016,3,31,0.0,8,1
2016,4,1,0.0,8,1
2016,4,2,0.0,8,1
2016,4,3,28.5,8,1
2016,4,4,16.5,8,1
2016,4,5,0.0,8,1
2016,4,6,0.0,8,1
2016,4,7,17.0,8,1
2016,4,8,4.0,8,1
2016,4,9,0.5,8,1
2016,4,10,0.0,8,1
2016,4,11,1.5,8,1
2016,4,12,0.5,8,1
2016,4,13,19.0,8,1
2016,4,14,9.5,8,1
2016,4,15,0.5,8,1
2016,4,16,0.0,8,1
2016,4,17,13.5,8,1
2016,4,18,1.5,8,1
2016,4,19,0.0,8,1
2016,4,20,0.5,8,1
2016,4,21,0.5,8,1
2016,4,22,1.0,8,1
2016,4,23,0.0,8,1
2016,4,24,0.0,8,1
2016,4,25,0.0,8,1
2016,4,26,0.0,8,1
2016,4,27,0.0,8,1
2016,4,28,22.0,8,1
2016,4,29,9.0,8,1
2016,4,30,0.5,8,1
2016,5,1,3.0,8,1
2016,5,2,0.0,8,1
2016,5,3,0.0,8,1
2016,5,4,6.0,8,1
2016,5,5,0.0,8,1
2016,5,6,0.0,8,1
2016,5,7,15.5,8,1
2016,5,8,0.0,8,1
2016,5,9,0.0,8,1
2016,5,10,10.0,8,1
2016,5,11,25.0,8,1
2016,5,12,1.5,8,1
2016,5,13,0.0,8,1
2016,5,14,0.0,8,1
2016,5,15,0.0,8,1
2016,5,16,0.5,8,1
2016,5,17,6.5,8,1
2016,5,18,0.0,5,1
2016,5,19,0.0,5,1
2016,5,20,0.0,8,1
2016,5,21,0.0,8,1
2016,5,22,0.0,8,1
2016,5,23,0.0,8,1
2016,5,24,0.0,8,1
2016,5,25,1.0,8,1
2016,5,26,5.5,8,1
2016,5,27,0.5,8,1
2016,5,28,0.0,8,1
2016,5,29,0.0,8,1
2016,5,30,1.5,8,1
2016,5,31,10.5,8,1
2016,6,1,6.5,8,1
2016,6,2,0.0,8,1
2016,6,3,0.0,8,1
2016,6,4,6.5,8,1
2016,6,5,0.0,8,1
2016,6,6,0.0,8,1
2016,6,7,0.0,8,1
2016,6,8,4.5,8,1
2016,6,9,25.5,8,1
2016,6,10,0.0,5,1
2016,6,11,0.0,8,1
2016,6,12,0.0,8,1
2016,6,13,1.0,8,1
2016,6,14,5.0,8,1
2016,6,15,1.5,8,1
2016,6,16,10.5,8,1
2016,6,17,19.0,8,1
2016,6,18,1.0,8,1
2016,6,19,11.5,8,1
2016,6,20,7.0,8,1
2016,6,21,0.0,8,1
2016,6,22,0.0,8,1
2016,6,23,0.5,8,1
2016,6,24,1.0,8,1
2016,6,25,10.0,8,1
2016,6,26,8.0,8,1
2016,6,27,0.0,8,1
2016,6,28,0.0,8,1
2016,6,29,0.0,8,1
2016,6,30,0.0,8,1
2016,7,1,0.5,8,1
2016,7,2,7.5,8,1
2016,7,3,0.0,8,1
2016,7,4,1.5,8,1
2016,7,5,0.0,8,1
2016,7,6,45.0,8,1
2016,7,7,0.5,8,1
2016,7,8,0.0,8,1
2016,7,9,4.5,8,1
2016,7,10,2.5,8,1
2016,7,11,0.0,8,1
2016,7,12,0.0,8,1
2016,7,13,0.0,8,1
2016,7,14,26.0,8,1
2016,7,15,0.5,8,1
2016,7,16,0.0,8,1
2016,7,17,15.0,8,1
2016,7,18,1.5,8,1
2016,7,19,1.0,8,1
2016,7,20,0.0,8,1
2016,7,21,0.0,8,1
2016,7,22,0.0,8,1
2016,7,23,0.0,8,1
2016,7,24,0.0,8,1
2016,7,25,0.0,8,1
2016,7,26,0.0,8,1
2016,7,27,2.0,8,1
2016,7,28,9.5,8,1
2016,7,29,0.0,8,1
2016,7,30,0.0,8,1
2016,7,31,0.0,8,1
2016,8,1,0.0,8,1
2016,8,2,0.0,8,1
2016,8,3,0.0,8,1
2016,8,4,0.0,8,1
2016,8,5,0.0,8,1
2016,8,6,0.0,8,1
2016,8,7,0.0,8,1
2016,8,8,0.0,8,1
2016,8,9,0.0,8,1
2016,8,10,0.0,8,1
2016,8,11,0.0,8,1
2016,8,12,0.0,8,1
2016,8,13,0.0,8,1
2016,8,14,0.0,8,1
2016,8,15,0.0,8,1
2016,8,16,1.0,8,1
2016,8,17,40.0,8,1
2016,8,18,0.0,8,1
2016,8,19,0.0,8,1
2016,8,20,0.0,8,1
2016,8,21,0.0,8,1
2016,8,22,68.0,8,1
2016,8,23,11.0,8,1
2016,8,24,0.0,8,1
2016,8,25,0.0,8,1
2016,8,26,56.5,8,1
2016,8,27,0.0,8,1
2016,8,28,0.0,8,1
2016,8,29,0.0,8,1
2016,8,30,6.0,8,1
2016,8,31,0.5,8,1
2016,9,1,0.0,8,1
2016,9,2,0.0,8,1
2016,9,3,0.0,8,1
2016,9,4,0.0,8,1
2016,9,5,0.0,8,1
2016,9,6,2.0,8,1
2016,9,7,0.0,8,1
2016,9,8,20.0,8,1
2016,9,9,8.0,8,1
2016,9,10,3.5,8,1
2016,9,11,0.0,8,1
2016,9,12,0.0,4,1
2016,9,13,7.5,4,1
2016,9,14,1.5,8,1
2016,9,15,0.0,8,1
2016,9,16,0.0,8,1
2016,9,17,5.0,8,1
2016,9,18,6.5,8,1
2016,9,19,0.0,8,1
2016,9,20,0.0,8,1
2016,9,21,0.0,8,1
2016,9,22,24.5,8,1
2016,9,23,11.5,8,1
2016,9,24,0.0,8,1
2016,9,25,0.0,8,1
2016,9,26,0.0,8,1
2016,9,27,30.5,8,1
2016,9,28,7.0,8,1
2016,9,29,0.5,8,1
2016,9,30,0.0,8,1
2016,10,1,0.0,8,1
2016,10,2,0.0,8,1
2016,10,3,53.5,8,1
2016,10,4,0.0,8,1
2016,10,5,26.0,8,1
2016,10,6,1.0,8,1
2016,10,7,0.0,8,1
2016,10,8,123.0,8,1
2016,10,9,3.5,8,1
2016,10,10,0.5,8,1
2016,10,11,9.5,8,1
2016,10,12,3.5,8,1
2016,10,13,2.5,8,1
2016,10,14,5.0,5,1
2016,10,15,0.0,8,1
2016,10,16,0.0,8,1
2016,10,17,4.0,8,1
2016,10,18,1.0,8,1
2016,10,19,0.0,8,1
2016,10,20,8.5,8,1
2016,10,21,0.0,8,1
2016,10,22,0.0,8,1
2016,10,23,0.0,8,1
2016,10,24,0.0,8,1
2016,10,25,7.5,8,1
2016,10,26,0.5,8,1
2016,10,27,0.0,8,1
2016,10,28,0.0,8,1
2016,10,29,1.5,8,1
2016,10,30,0.0,8,1
2016,10,31,20.0,8,1
2016,11,1,7.5,8,1
2016,11,2,0.0,8,1
2016,11,3,12.0,8,1
2016,11,4,0.0,8,1
2016,11,5,16.5,8,1
2016,11,6,0.5,8,1
2016,11,7,0.0,5,1
2016,11,8,12.5,5,1
2016,11,9,12.5,8,1
2016,11,10,1.0,8,1
2016,11,11,8.0,8,1
2016,11,12,1.5,8,1
2016,11,13,5.5,8,1
2016,11,14,0.5,8,1
2016,11,15,14.0,8,1
2016,11,16,1.5,8,1
2016,11,17,1.0,8,1
2016,11,18,0.0,8,1
2016,11,19,0.0,8,1
2016,11,20,2.5,8,1
2016,11,21,0.0,8,1
2016,11,22,3.5,8,1
2016,11,23,0.5,8,1
2016,11,24,0.0,8,1
2016,11,25,1.5,8,1
2016,11,26,0.0,8,1
2016,11,27,19.0,8,1
2016,11,28,2.0,8,1
2016,11,29,1.0,8,1
2016,11,30,0.5,8,1
2016,12,1,27.5,8,1
2016,12,2,3.0,8,1
2016,12,3,0.0,8,1
2016,12,4,0.0,8,1
2016,12,5,6.5,8,1
2016,12,6,7.0,8,1
2016,12,7,0.0,8,1
2016,12,8,0.5,8,1
2016,12,9,13.5,8,1
2016,12,10,0.0,8,1
2016,12,11,1.0,8,1
2016,12,12,0.0,8,1
2016,12,13,5.0,8,1
2016,12,14,5.5,8,1
2016,12,15,9.5,8,1
2016,12,16,3.5,8,1
2016,12,17,3.0,8,1
2016,12,18,1.0,8,1
2016,12,19,0.0,8,1
2016,12,20,0.0,8,1
2016,12,21,0.0,8,1
2016,12,22,28.0,8,1
2016,12,23,8.5,8,1
2016,12,24,0.5,8,1
2016,12,25,0.0,8,1
2016,12,26,1.5,8,1
2016,12,27,16.5,8,1
2016,12,28,0.0,8,1
2016,12,29,10.5,8,1
2016,12,30,0.5,8,1
2016,12,31,4.5,8,1
2017,1,1,0.5,8,1
2017,1,2,6.5,8,1
2017,1,3,1.5,8,1
2017,1,4,1.0,8,1
2017,1,5,1.0,8,1
2017,1,6,0.0,8,1
2017,1,7,0.5,8,1
2017,1,8,0.0,8,1
2017,1,9,2.0,8,1
2017,1,10,3.5,8,1
2017,1,11,0.0,8,1
2017,1,12,1.5,8,1
2017,1,13,1.0,8,1
2017,1,14,10.5,8,1
2017,1,15,3.5,8,1
2017,1,16,6.0,8,1
2017,1,17,0.0,8,1
2017,1,18,5.0,8,1
2017,1,19,1.0,8,1
2017,1,20,0.0,8,1
2017,1,21,0.0,8,1
2017,1,22,2.0,8,1
2017,1,23,5.0,8,1
2017,1,24,1.5,8,1
2017,1,25,5.5,8,1
2017,1,26,0.0,8,1
2017,1,27,7.0,8,1
2017,1,28,0.0,8,1
2017,1,29,2.5,8,1
2017,1,30,9.0,8,1
2017,1,31,1.0,8,1
2017,2,1,8.5,8,1
2017,2,2,1.5,8,1
2017,2,3,0.5,8,1
2017,2,4,0.0,8,1
2017,2,5,0.0,8,1
2017,2,6,13.5,8,1
2017,2,7,3.0,8,1
2017,2,8,0.0,8,1
2017,2,9,0.0,8,1
2017,2,10,13.5,8,1
2017,2,11,1.0,8,1
2017,2,12,0.5,8,1
2017,2,13,1.0,8,1
2017,2,14,0.5,8,1
2017,2,15,2.0,8,1
2017,2,16,0.0,5,1
2017,2,17,24.5,8,1
2017,2,18,1.0,8,1
2017,2,19,0.5,8,1
2017,2,20,22.5,8,1
2017,2,21,0.5,8,1
2017,2,22,0.0,8,1
2017,2,23,8.0,8,1
2017,2,24,1.5,8,1
2017,2,25,4.0,8,1
2017,2,26,1.0,8,1
2017,2,27,0.0,8,1
2017,2,28,0.0,8,1
2017,3,1,0.0,5,1
2017,3,2,0.0,8,1
2017,3,3,0.0,8,1
2017,3,4,6.5,8,1
2017,3,5,0.0,8,1
2017,3,6,5.5,8,1
2017,3,7,0.5,4,1
2017,3,8,3.0,5,1
2017,3,9,2.0,8,1
2017,3,10,3.0,8,1
2017,3,11,0.0,8,1
2017,3,12,0.0,8,1
2017,3,13,0.0,8,1
2017,3,14,4.0,8,1
2017,3,15,0.5,8,1
2017,3,16,0.0,8,1
2017,3,17,1.0,8,1
2017,3,18,0.5,8,1
2017,3,19,0.0,8,1
2017,3,20,0.0,8,1
2017,3,21,3.5,8,1
2017,3,22,0.5,8,1
2017,3,23,2.5,8,1
2017,3,24,5.0,8,1
2017,3,25,0.0,8,1
2017,3,26,0.0,8,1
2017,3,27,0.0,8,1
2017,3,28,0.5,8,1
2017,3,29,2.0,8,1
2017,3,30,3.0,8,1
2017,3,31,0.5,8,1
2017,4,1,0.0,8,1
2017,4,2,5.0,8,1
2017,4,3,0.5,8,1
2017,4,4,0.0,8,1
2017,4,5,0.0,8,1
2017,4,6,1.5,8,1
2017,4,7,10.5,8,1
2017,4,8,2.5,8,1
2017,4,9,0.0,8,1
2017,4,10,0.0,8,1
2017,4,11,18.0,8,1
2017,4,12,4.5,8,1
2017,4,13,0.0,8,1
2017,4,14,0.0,8,1
2017,4,15,8.5,8,1
2017,4,16,0.0,8,1
2017,4,17,0.5,8,1
2017,4,18,10.5,8,1
2017,4,19,13.0,8,1
2017,4,20,2.5,8,1
2017,4,21,0.0,8,1
2017,4,22,6.0,8,1
2017,4,23,0.5,8,1
2017,4,24,0.0,8,1
2017,4,25,8.0,8,1
2017,4,26,33.5,8,1
2017,4,27,0.5,8,1
2017,4,28,0.0,8,1
2017,4,29,15.5,8,1
2017,4,30,0.0,8,1
2017,5,1,0.0,8,1
2017,5,2,0.0,8,1
2017,5,3,0.0,8,1
2017,5,4,0.0,8,1
2017,5,5,0.0,8,1
2017,5,6,13.5,8,1
2017,5,7,0.0,8,1
2017,5,8,1.5,8,1
2017,5,9,0.0,8,1
2017,5,10,2.5,8,1
2017,5,11,6.0,8,1
2017,5,12,0.5,8,1
2017,5,13,5.5,8,1
2017,5,14,3.0,8,1
2017,5,15,6.5,8,1
2017,5,16,1.5,8,1
2017,5,17,0.0,8,1
2017,5,18,0.0,8,1
2017,5,19,0.0,8,1
2017,5,20,0.0,8,1
2017,5,21,0.0,8,1
2017,5,22,0.0,8,1
2017,5,23,0.0,8,1
2017,5,24,0.5,8,1
2017,5,25,0.5,5,1
2017,5,26,3.0,8,1
2017,5,27,21.5,8,1
2017,5,28,8.5,8,1
2017,5,29,0.0,8,1
2017,5,30,0.0,8,1
2017,5,31,0.0,8,1
2017,6,1,5.0,8,1
2017,6,2,31.0,8,1
2017,6,3,5.5,8,1
2017,6,4,3.5,8,1
2017,6,5,5.5,8,1
2017,6,6,0.0,8,1
2017,6,7,3.0,8,1
2017,6,8,27.0,8,1
2017,6,9,0.5,8,1
2017,6,10,15.0,8,1
2017,6,11,18.5,8,1
2017,6,12,0.0,8,1
2017,6,13,0.0,8,1
2017,6,14,0.0,8,1
2017,6,15,3.0,8,1
2017,6,16,5.0,8,1
2017,6,17,0.0,8,1
2017,6,18,0.0,8,1
2017,6,19,0.0,8,1
2017,6,20,0.0,8,1
2017,6,21,23.5,8,1
2017,6,22,4.5,8,1
2017,6,23,2.5,8,1
2017,6,24,0.0,8,1
2017,6,25,0.5,8,1
2017,6,26,0.0,8,1
2017,6,27,0.0,8,1
2017,6,28,0.0,8,1
2017,6,29,0.0,8,1
2017,6,30,0.0,8,1
2017,7,1,2.0,8,1
2017,7,2,0.0,8,1
2017,7,3,49.5,8,1
2017,7,4,1.0,8,1
2017,7,5,0.0,8,1
2017,7,6,0.0,8,1
2017,7,7,0.0,8,1
2017,7,8,0.0,8,1
2017,7,9,0.0,8,1
2017,7,10,0.0,8,1
2017,7,11,0.0,8,1
2017,7,12,0.5,8,1
2017,7,13,1.5,8,1
2017,7,14,0.0,8,1
2017,7,15,0.0,8,1
2017,7,16,91.5,8,1
2017,7,17,2.0,8,1
2017,7,18,0.0,8,1
2017,7,19,0.0,8,1
2017,7,20,0.0,8,1
2017,7,21,0.0,8,1
2017,7,22,97.5,8,1
2017,7,23,35.5,8,1
2017,7,24,0.0,8,1
2017,7,25,0.0,8,1
2017,7,26,0.0,8,1
2017,7,27,0.0,8,1
2017,7,28,0.0,8,1
2017,7,29,0.0,8,1
2017,7,30,0.0,8,1
2017,7,31,0.0,8,1
2017,8,1,0.0,8,1
2017,8,2,0.0,8,1
2017,8,3,0.0,8,1
2017,8,4,0.0,8,1
2017,8,5,0.0,8,1
2017,8,6,0.0,8,1
2017,8,7,0.0,8,1
2017,8,8,0.5,8,1
2017,8,9,10.5,8,1
2017,8,10,0.0,8,1
2017,8,11,0.0,8,1
2017,8,12,13.0,8,1
2017,8,13,1.0,8,1
2017,8,14,0.0,8,1
2017,8,15,0.0,8,1
2017,8,16,0.0,8,1
2017,8,17,3.5,8,1
2017,8,18,0.0,8,1
2017,8,19,0.5,8,1
2017,8,20,0.0,8,1
2017,8,21,0.0,8,1
2017,8,22,42.5,8,1
2017,8,23,3.0,8,1
2017,8,24,72.0,8,1
2017,8,25,6.5,8,1
2017,8,26,4.0,8,1
2017,8,27,0.0,8,1
2017,8,28,0.0,8,1
2017,8,29,16.5,8,1
2017,8,30,0.0,8,1
2017,8,31,0.5,8,1
2017,9,1,0.0,8,1
2017,9,2,0.0,8,1
2017,9,3,0.0,8,1
2017,9,4,0.5,8,1
2017,9,5,0.0,8,1
2017,9,6,3.5,8,1
2017,9,7,0.5,8,1
2017,9,8,0.0,8,1
2017,9,9,5.0,8,1
2017,9,10,6.5,8,1
2017,9,11,0.0,4,1
2017,9,12,25.0,4,1
2017,9,13,0.5,8,1
2017,9,14,8.5,8,1
2017,9,15,4.0,8,1
2017,9,16,0.0,8,1
2017,9,17,2.5,8,1
2017,9,18,36.5,8,1
2017,9,19,31.0,8,1
2017,9,20,19.0,8,1
2017,9,21,1.0,5,1
2017,9,22,0.0,8,1
2017,9,23,0.0,8,1
2017,9,24,0.0,8,1
2017,9,25,0.0,8,1
2017,9,26,0.0,8,1
2017,9,27,22.5,8,1
2017,9,28,29.0,8,1
2017,9,29,12.0,8,1
2017,9,30,4.5,8,1
2017,10,1,0.0,8,1
2017,10,2,4.0,8,1
2017,10,3,13.5,8,1
2017,10,4,3.5,8,1
2017,10,5,0.0,8,1
2017,10,6,0.0,8,1
2017,10,7,9.0,8,1
2017,10,8,0.0,8,1
2017,10,9,3.0,8,1
2017,10,10,10.0,8,1
2017,10,11,39.5,8,1
2017,10,12,1.5,8,1
2017,10,13,2.0,8,1
2017,10,14,0.0,8,1
2017,10,15,0.0,8,1
2017,10,16,0.0,8,1
2017,10,17,0.5,8,1
2017,10,18,0.0,8,1
2017,10,19,0.0,8,1
2017,10,20,6.5,8,1
2017,10,21,4.0,8,1
2017,10,22,30.0,8,1
2017,10,23,27.0,8,1
2017,10,24,0.0,5,1
2017,10,25,0.0,8,1
2017,10,26,0.0,8,1
2017,10,27,0.0,8,1
2017,10,28,0.0,8,1
2017,10,29,8.5,8,1
2017,10,30,10.0,8,1
2017,10,31,0.0,8,1
2017,11,1,3.0,8,1
2017,11,2,2.0,8,1
2017,11,3,0.5,8,1
2017,11,4,2.0,8,1
2017,11,5,4.0,8,1
2017,11,6,2.0,8,1
2017,11,7,4.0,8,1
2017,11,8,28.0,8,1
2017,11,9,2.0,8,1
2017,11,10,0.0,8,1
2017,11,11,31.0,8,1
2017,11,12,0.0,8,1
2017,11,13,0.0,8,1
2017,11,14,21.5,8,1
2017,11,15,9.0,8,1
2017,11,16,9.0,8,1
2017,11,17,1.0,8,1
2017,11,18,27.5,8,1
2017,11,19,4.5,8,1
2017,11,20,7.0,8,1
2017,11,21,1.5,8,1
2017,11,22,4.0,8,1
2017,11,23,20.5,8,1
2017,11,24,3.0,8,1
2017,11,25,3.5,8,1
2017,11,26,29.0,8,1
2017,11,27,0.0,8,1
2017,11,28,0.0,8,1
2017,11,29,7.5,8,1
2017,11,30,3.5,8,1
2017,12,1,3.0,8,1
2017,12,2,1.0,8,1
2017,12,3,16.0,8,1
2017,12,4,10.0,8,1
2017,12,5,3.5,8,1
2017,12,6,2.0,8,1
2017,12,7,20.0,8,1
2017,12,8,2.0,8,1
2017,12,9,2.5,8,1
2017,12,10,7.0,8,1
2017,12,11,15.5,8,1
2017,12,12,2.5,8,1
2017,12,13,3.0,8,1
2017,12,14,6.5,8,1
2017,12,15,0.5,8,1
2017,12,16,9.5,8,1
2017,12,17,2.5,8,1
2017,12,18,4.5,8,1
2017,12,19,3.5,8,1
2017,12,20,0.0,8,1
2017,12,21,4.0,8,1
2017,12,22,0.5,8,1
2017,12,23,2.5,8,1
2017,12,24,0.0,8,1
2017,12,25,9.5,8,1
2017,12,26,0.5,8,1
2017,12,27,1.5,8,1
2017,12,28,2.0,8,1
2017,12,29,0.5,8,1
2017,12,30,1.0,8,1
2017,12,31,1.5,8,1
2018,1,1,9.5,8,1
2018,1,2,3.5,8,1
2018,1,3,4.0,8,1
2018,1,4,0.5,8,1
2018,1,5,1.5,8,1
2018,1,6,0.5,8,1
2018,1,7,0.5,8,1
2018,1,8,1.0,8,1
2018,1,9,9.0,8,1
2018,1,10,0.5,8,1
2018,1,11,3.0,8,1
2018,1,12,0.5,8,1
2018,1,13,1.5,8,1
2018,1,14,1.0,8,1
2018,1,15,14.0,8,1
2018,1,16,3.0,8,1
2018,1,17,2.0,8,1
2018,1,18,1.5,8,1
2018,1,19,0.0,8,1
2018,1,20,1.0,8,1
2018,1,21,0.5,8,1
2018,1,22,0.0,8,1
2018,1,23,5.5,8,1
2018,1,24,0.0,8,1
2018,1,25,2.0,8,1
2018,1,26,0.5,8,1
2018,1,27,1.5,8,1
2018,1,28,2.0,8,1
2018,1,29,1.5,8,1
2018,1,30,1.0,8,1
2018,1,31,1.5,8,1
2018,2,1,0.0,8,1
2018,2,2,0.0,8,1
2018,2,3,6.0,8,1
2018,2,4,2.0,8,1
2018,2,5,1.5,8,1
2018,2,6,7.5,8,1
2018,2,7,0.0,8,1
2018,2,8,3.5,8,1
2018,2,9,0.0,8,1
2018,2,10,15.0,8,1
2018,2,11,5.5,8,1
2018,2,12,0.0,8,1
2018,2,13,0.0,8,1
2018,2,14,10.0,8,1
2018,2,15,0.0,8,1
2018,2,16,0.0,8,1
2018,2,17,2.5,8,1
2018,2,18,1.0,8,1
2018,2,19,4.0,8,1
2018,2,20,2.5,8,1
2018,2,21,1.0,8,1
2018,2,22,0.0,4,1
2018,2,23,2.5,4,1
2018,2,24,2.0,8,1
2018,2,25,0.0,8,1
2018,2,26,0.0,8,1
2018,2,27,1.0,8,1
2018,2,28,0.0,8,1
2018,3,1,18.5,8,1
2018,3,2,1.0,8,1
2018,3,3,0.0,8,1
2018,3,4,0.0,8,1
2018,3,5,11.0,8,1
2018,3,6,0.5,8,1
2018,3,7,0.0,8,1
2018,3,8,13.5,8,1
2018,3,9,19.5,8,1
2018,3,10,0.0,8,1
2018,3,11,3.0,8,1
2018,3,12,0.5,8,1
2018,3,13,0.0,8,1
2018,3,14,0.0,8,1
2018,3,15,9.5,8,1
2018,3,16,6.5,8,1
2018,3,17,0.0,8,1
2018,3,18,0.0,8,1
2018,3,19,0.0,8,1
2018,3,20,0.0,8,1
2018,3,21,0.0,8,1
2018,3,22,11.5,8,1
2018,3,23,0.0,8,1
2018,3,24,0.0,8,1
2018,3,25,1.5,8,1
2018,3,26,0.0,8,1
2018,3,27,0.0,8,1
2018,3,28,0.0,8,1
2018,3,29,0.0,8,1
2018,3,30,0.0,8,1
2018,3,31,0.0,8,1
2018,4,1,2.0,8,1
2018,4,2,1.0,8,1
2018,4,3,0.0,8,1
2018,4,4,14.5,8,1
2018,4,5,0.5,8,1
2018,4,6,28.0,8,1
2018,4,7,7.5,8,1
2018,4,8,2.5,8,1
2018,4,9,9.0,8,1
2018,4,10,0.0,8,1
2018,4,11,9.5,8,1
2018,4,12,0.0,8,1
2018,4,13,0.0,8,1
2018,4,14,10.5,8,1
2018,4,15,36.0,8,1
2018,4,16,1.5,8,1
2018,4,17,0.0,8,1
2018,4,18,0.0,8,1
2018,4,19,0.0,8,1
2018,4,20,0.0,8,1
2018,4,21,0.0,8,1
2018,4,22,0.0,8,1
2018,4,23,0.0,8,1
2018,4,24,15.0,8,1
2018,4,25,9.0,8,1
2018,4,26,2.5,8,1
2018,4,27,0.0,8,1
2018,4,28,0.0,8,1
2018,4,29,0.0,8,1
2018,4,30,0.0,8,1
2018,5,1,0.0,8,1
2018,5,2,2.0,8,1
2018,5,3,27.5,8,1
2018,5,4,16.5,8,1
2018,5,5,0.5,8,1
2018,5,6,0.0,8,1
2018,5,7,1.0,8,1
2018,5,8,0.0,8,1
2018,5,9,0.0,8,1
2018,5,10,1.0,8,1
2018,5,11,0.5,8,1
2018,5,12,0.0,8,1
2018,5,13,0.0,8,1
2018,5,14,2.0,8,1
2018,5,15,0.0,8,1
2018,5,16,3.0,8,1
2018,5,17,24.5,8,1
2018,5,18,129.5,8,1
2018,5,19,9.0,8,1
2018,5,20,0.0,8,1
2018,5,21,0.0,8,1
2018,5,22,0.0,8,1
2018,5,23,0.0,8,1
2018,5,24,0.5,8,1
2018,5,25,5.5,8,1
2018,5,26,0.0,8,1
2018,5,27,0.0,8,1
2018,5,28,0.0,8,1
2018,5,29,0.0,8,1
2018,5,30,0.0,8,1
2018,5,31,15.0,8,1
2018,6,1,18.5,8,1
2018,6,2,0.0,8,1
2018,6,3,0.0,8,1
2018,6,4,0.0,8,1
2018,6,5,0.0,8,1
2018,6,6,0.0,8,1
2018,6,7,0.0,8,1
2018,6,8,3.0,8,1
2018,6,9,1.0,8,1
2018,6,10,0.0,8,1
2018,6,11,0.5,8,1
2018,6,12,17.5,8,1
2018,6,13,2.0,8,1
2018,6,14,0.0,8,1
2018,6,15,0.0,8,1
2018,6,16,0.0,8,1
2018,6,17,0.0,8,1
2018,6,18,0.0,8,1
2018,6,19,0.0,8,1
2018,6,20,0.5,8,1
2018,6,21,2.5,5,1
2018,6,22,0.0,8,1
2018,6,23,0.0,8,1
2018,6,24,2.5,8,1
2018,6,25,0.0,8,1
2018,6,26,0.0,8,1
2018,6,27,58.5,8,1
2018,6,28,7.5,8,1
2018,6,29,23.0,8,1
2018,6,30,1.0,8,1
2018,7,1,0.0,8,1
2018,7,2,0.0,8,1
2018,7,3,0.0,8,1
2018,7,4,55.0,8,1
2018,7,5,6.0,8,1
2018,7,6,0.5,8,1
2018,7,7,63.5,8,1
2018,7,8,7.0,8,1
2018,7,9,0.0,8,1
2018,7,10,0.0,8,1
2018,7,11,3.5,8,1
2018,7,12,12.5,8,1
2018,7,13,12.5,8,1
2018,7,14,0.0,8,1
2018,7,15,0.0,8,1
2018,7,16,0.0,8,1
2018,7,17,16.0,8,1
2018,7,18,0.5,8,1
2018,7,19,0.0,8,1
2018,7,20,0.0,8,1
2018,7,21,0.0,8,1
2018,7,22,0.0,8,1
2018,7,23,5.0,8,1
2018,7,24,0.0,8,1
2018,7,25,0.0,8,1
2018,7,26,0.0,8,1
2018,7,27,0.0,8,1
2018,7,28,0.0,8,1
2018,7,29,0.0,8,1
2018,7,30,0.0,8,1
2018,7,31,0.0,8,1
2018,8,1,0.0,8,1
2018,8,2,0.0,8,1
2018,8,3,0.0,8,1
2018,8,4,0.0,8,1
2018,8,5,111.0,8,1
2018,8,6,0.5,8,1
2018,8,7,0.0,8,1
2018,8,8,0.0,8,1
2018,8,9,0.0,8,1
2018,8,10,0.0,8,1
2018,8,11,1.0,8,1
2018,8,12,0.0,8,1
2018,8,13,0.0,8,1
2018,8,14,0.0,8,1
2018,8,15,69.5,8,1
2018,8,16,47.0,8,1
2018,8,17,1.0,8,1
2018,8,18,0.0,8,1
2018,8,19,0.0,8,1
2018,8,20,0.0,8,1
2018,8,21,0.0,8,1
2018,8,22,0.0,8,1
2018,8,23,0.0,8,1
2018,8,24,47.0,8,1
2018,8,25,0.0,8,1
2018,8,26,11.0,8,1
2018,8,27,0.0,8,1
2018,8,28,0.0,8,1
2018,8,29,0.0,5,1
2018,8,30,17.0,8,1
2018,8,31,9.5,8,1
2018,9,1,0.0,8,1
2018,9,2,0.0,8,1
2018,9,3,12.5,8,1
2018,9,4,11.0,8,1
2018,9,5,9.5,8,1
2018,9,6,1.5,8,1
2018,9,7,3.0,8,1
2018,9,8,8.0,8,1
2018,9,9,13.5,8,1
2018,9,10,76.5,8,1
2018,9,11,0.0,8,1
2018,9,12,0.0,8,1
2018,9,13,0.0,8,1
2018,9,14,0.0,8,1
2018,9,15,0.0,8,1
2018,9,16,0.0,8,1
2018,9,17,2.5,8,1
2018,9,18,0.0,8,1
2018,9,19,0.0,8,1
2018,9,20,0.0,4,1
2018,9,21,6.5,4,1
2018,9,22,13.5,8,1
2018,9,23,0.0,8,1
2018,9,24,19.0,8,1
2018,9,25,0.0,8,1
2018,9,26,0.0,8,1
2018,9,27,14.5,8,1
2018,9,28,0.5,8,1
2018,9,29,0.0,8,1
2018,9,30,17.0,8,1
2018,10,1,51.0,8,1
2018,10,2,2.5,8,1
2018,10,3,0.0,8,1
2018,10,4,0.0,8,1
2018,10,5,0.0,5,1
2018,10,6,2.5,8,1
2018,10,7,4.5,8,1
2018,10,8,0.0,8,1
2018,10,9,2.0,8,1
2018,10,10,10.5,8,1
2018,10,11,19.0,8,1
2018,10,12,1.5,8,1
2018,10,13,0.0,8,1
2018,10,14,0.0,8,1
2018,10,15,0.0,8,1
2018,10,16,5.5,8,1
2018,10,17,0.0,8,1
2018,10,18,0.0,8,1
2018,10,19,0.0,8,1
2018,10,20,0.0,8,1
2018,10,21,0.0,8,1
2018,10,22,0.0,8,1
2018,10,23,0.0,8,1
2018,10,24,6.5,8,1
2018,10,25,0.0,8,1
2018,10,26,0.0,8,1
2018,10,27,11.5,8,1
2018,10,28,18.0,8,1
2018,10,29,26.5,8,1
2018,10,30,14.5,8,1
2018,10,31,17.0,8,1
2018,11,1,6.0,8,1
2018,11,2,0.5,8,1
2018,11,3,0.0,8,1
2018,11,4,0.0,8,1
2018,11,5,0.0,8,1
2018,11,6,0.0,8,1
2018,11,7,0.0,8,1
2018,11,8,0.0,8,1
2018,11,9,11.0,8,1
2018,11,10,5.0,8,1
2018,11,11,0.0,8,1
2018,11,12,2.5,8,1
2018,11,13,0.0,8,1
2018,11,14,0.0,8,1
2018,11,15,0.0,8,1
2018,11,16,8.0,8,1
2018,11,17,17.0,8,1
2018,11,18,0.0,8,1
2018,11,19,3.5,8,1
2018,11,20,0.0,8,1
2018,11,21,10.5,8,1
2018,11,22,8.0,8,1
2018,11,23,4.0,8,1
2018,11,24,0.5,8,1
2018,11,25,6.0,8,1
2018,11,26,0.5,8,1
2018,11,27,8.5,8,1
2018,11,28,0.0,8,1
2018,11,29,4.0,8,1
2018,11,30,0.0,8,1
2018,12,1,4.0,8,1
2018,12,2,0.0,8,1
2018,12,3,0.0,8,1
2018,12,4,18.5,8,1
2018,12,5,0.0,8,1
2018,12,6,9.5,8,1
2018,12,7,2.5,8,1
2018,12,8,6.0,8,1
2018,12,9,3.5,8,1
2018,12,10,2.0,8,1
2018,12,11,1.0,8,1
2018,12,12,4.5,8,1
2018,12,13,14.0,8,1
2018,12,14,7.5,8,1
2018,12,15,2.0,8,1
2018,12,16,4.5,8,1
2018,12,17,13.0,8,1
2018,12,18,2.0,8,1
2018,12,19,8.5,8,1
2018,12,20,0.0,8,1
2018,12,21,0.0,8,1
2018,12,22,1.5,8,1
2018,12,23,2.0,8,1
2018,12,24,1.0,8,1
2018,12,25,2.5,5,1
2018,12,26,2.0,8,1
2018,12,27,0.0,8,1
2018,12,28,1.0,8,1
2018,12,29,6.0,8,1
2018,12,30,6.0,8,1
2018,12,31,11.0,8,1
